100
3 1 5 15 13 11
3 0 8 23 22 21
2 2 0 2 26
3 0 8 20 26 21
2 2 2 22 6
2 0 5 11 3
2 1 6 14 15
1 0 3 0
3 3 2 9 2 14
1 0 6 14
3 0 0 10 16 26
2 0 5 29 22
2 0 4 10 25
1 0 5 12
3 0 8 20 9 18
2 1 0 3 2
2 0 2 27 11
2 0 6 16 25
3 0 6 15 14 11
3 1 1 15 19 19
2 1 8 0 18
1 0 7 1
1 0 1 1
3 0 9 15 13 20
3 0 1 18 11 28
1 1 1 22
2 0 5 10 21
3 1 4 8 9 22
2 1 10 27 27
2 0 7 30 22
2 1 2 3 2
2 1 2 5 4
2 0 3 5 6
3 2 7 30 26 13
1 0 9 23
3 0 8 9 28 11
1 1 5 5
3 1 2 21 3 3
2 2 3 25 7
1 0 3 7
1 0 6 27
3 0 5 12 12 12
3 3 3 9 11 12
3 0 1 0 13 25
1 1 0 22
3 2 3 12 12 21
3 0 0 3 1 21
2 0 2 2 2
2 2 4 17 28
3 0 5 17 3 22
1 0 0 17
1 0 2 2
3 0 9 24 15 8
1 0 6 15
2 0 3 5 12
3 0 0 30 30 30
3 3 1 25 3 13
2 0 6 11 15
2 0 0 6 28
1 0 10 26
2 1 3 5 5
1 1 4 13
3 0 4 8 9 9
1 0 10 26
1 0 5 4
1 0 6 5
2 2 0 10 24
2 0 5 14 0
3 1 7 12 25 17
1 0 10 30
3 0 3 23 5 5
2 0 0 30 19
3 0 9 24 18 10
3 3 7 26 20 27
1 0 2 2
1 0 8 5
2 0 0 0 0
3 1 10 27 26 27
1 0 2 28
2 0 4 15 2
3 0 5 12 16 5
1 1 4 17
2 0 1 0 0
1 1 3 16
1 0 7 17
1 0 7 17
1 0 6 30
1 1 2 5
2 0 6 27 29
3 3 9 27 14 13
3 2 1 24 8 0
2 2 9 17 16
3 3 10 14 5 13
2 2 10 20 8
3 1 3 3 13 22
3 0 2 18 14 7
1 1 5 25
3 1 7 17 17 17
1 0 3 5
3 0 10 26 27 18
