100
2
0 1
0 2
3
2 2
0 0
4 4
1
1 1
5
0 5
0 1
1 1
4 7
5 6
9
0 3
0 1
0 3
0 6
0 8
0 4
0 17
0 3
0 7
10
16 19
6 15
10 13
8 17
1 1
1 3
6 10
0 1
7 12
15 17
6
124 1024
210 334
229 236
61 108
104 364
449 635
5
4 7
8 9
1 2
0 5
3 6
7
0 12
0 5
3 12
8 12
4 8
5 8
0 6
10
74 371
1479 1527
930 1037
1113 1507
324 752
517 918
474 833
621 1568
222 594
329 813
8
2 12
6 9
4 4
9 14
1 2
9 13
9 14
0 2
9
4 14
2 14
0 0
7 10
4 14
6 9
15 17
9 11
0 7
7
0 13
0 7
0 4
0 1
0 7
0 6
0 5
3
0 4
4 5
0 2
7
7 13
8 11
3 5
5 12
0 1
7 7
1 4
4
2 5
0 2
0 5
2 6
2
0 1
0 0
6
1 1
6 9
4 4
1 10
0 4
5 9
6
8 11
0 5
2 9
4 7
1 3
6 10
5
3 8
0 4
5 9
6 7
1 2
9
5 7
8 14
13 17
1 2
0 15
3 9
10 12
6 11
4 16
9
8 11
0 3
9 11
4 16
13 17
1 1
4 6
13 14
7 8
7
0 4
0 7
9 11
0 2
4 5
7 11
9 9
3
2 2
3 4
0 4
3
0 3
0 1
0 5
10
3 8
2 9
6 8
0 5
13 14
2 7
6 8
0 17
15 15
18 18
6
3 7
6 9
2 8
1 2
0 3
7 7
6
5 8
1 6
0 8
1 6
2 5
8 11
1
0 1
5
2 6
5 5
3 5
0 5
1 5
7
0 7
0 1
0 3
0 13
0 4
0 4
0 4
8
5 15
8 10
7 11
0 3
9 14
4 6
12 13
1 2
3
0 0
3 5
0 5
5
5 6
1 8
3 7
0 9
2 4
6
7 9
0 4
7 7
1 8
1 5
1 4
8
14 15
0 7
8 10
8 13
0 2
3 5
3 8
3 9
3
1 3
3 5
0 2
7
112 311
147 1689
68 324
120 274
21 102
3 98
1692 1774
10
2001 2001
2001 2001
2001 2001
2001 2001
2001 2001
2001 2001
2001 2001
2001 2001
2001 2001
2001 2001
2
0 1
2 3
3
0 4
2 3
1 5
4
0 5
1 2
4 7
3 4
8
864 931
726 726
1015 1081
1051 1157
150 1760
135 634
847 1784
698 894
10
0 2
0 9
0 19
0 6
0 5
0 8
0 1
0 8
0 7
0 8
10
8 10
12 13
2 5
11 12
5 12
0 2
17 20
3 4
5 15
0 17
9
0 8
0 17
0 1
0 5
0 5
0 3
0 6
0 9
0 3
9
0 3
7 13
8 15
3 10
0 5
8 9
8 11
7 17
2 11
10
3 14
3 12
1 1
3 4
3 3
16 19
0 9
14 16
12 16
3 12
9
189 467
583 1239
260 295
24 1111
1533 1646
813 1577
76 545
885 995
245 1370
5
3 4
7 8
0 5
1 2
6 9
1
0 1
9
7 11
9 12
12 14
16 17
0 1
3 7
3 7
3 4
1 15
1
0 1
7
4 11
7 9
0 3
4 13
0 1
1 12
4 9
10
274 484
36 203
498 1813
159 1030
250 495
526 1691
1008 1021
154 227
1489 1971
99 266
8
136 391
193 194
604 1841
23 628
374 767
21 203
36 1599
102 128
10
236 1447
266 1594
1197 1223
45 582
708 1639
248 816
293 309
575 1426
177 1274
310 811
4
0 6
1 1
4 7
1 4
8
0 11
0 0
12 13
2 8
5 8
2 2
5 8
8 13
2
0 3
1 2
4
2 5
1 5
0 7
2 5
6
0 9
4 6
10 11
2 5
1 3
7 8
2
2 3
0 1
10
0 2
0 5
0 9
0 2
0 10
0 4
0 8
0 1
0 5
0 19
2
0 3
0 1
2
1 2
0 2
10
9 10
2 6
10 12
0 5
4 14
0 9
15 18
6 10
14 18
2 5
9
2 16
3 7
13 17
5 12
6 9
10 14
1 4
8 15
0 11
1
0 1
3
1 4
2 3
0 5
2
1 3
0 2
5
8 9
4 6
2 6
2 2
0 0
9
7 15
0 0
2 11
2 2
12 13
3 4
8 12
7 10
16 17
8
1 12
13 14
1 1
7 9
4 15
3 10
0 7
6 9
1
0 2
3
1 4
0 2
3 4
9
12 14
16 17
8 15
6 13
1 9
0 5
2 3
7 11
4 10
6
0 11
0 5
0 2
0 3
0 4
0 1
10
7 15
7 12
18 18
1 10
2 7
0 14
0 0
5 14
10 12
0 16
10
345 356
633 1321
309 801
11 132
492 1467
289 1630
332 1192
278 556
752 1382
1020 1376
6
3 4
3 8
0 6
0 7
9 11
1 10
6
0 1
0 11
0 6
0 5
0 4
0 6
4
2 2
0 6
2 4
4 7
2
0 2
2 2
9
1 4
12 14
6 10
15 16
9 16
7 10
4 6
1 6
1 3
3
435 771
43 125
741 1562
5
0 2
6 7
4 5
1 3
8 9
4
0 0
0 0
0 0
0 0
6
0 6
3 7
1 8
2 11
3 8
2 11
6
0 7
8 11
1 2
0 11
4 6
1 7
10
0 1
8 8
7 12
9 15
2 4
16 17
9 12
0 4
5 15
4 16
2
88 724
16 26
1
0 2
9
7 14
2 5
3 10
1 4
0 9
15 16
8 12
6 11
13 17
3
0 2
0 1
0 5
6
4 9
0 0
2 6
5 7
9 10
3 11
2
3 3
0 1
4
3 4
6 7
0 1
2 5
8
4 12
3 13
4 11
0 3
0 6
3 9
13 13
0 11
4
0 4
0 2
0 1
0 7
