100
2
0 1
0 2
3
2 2
0 0
4 4
1
1 1
5
0 5
0 1
1 1
4 7
5 6
4
0 7
0 2
0 1
0 4
6
0 1
3 6
5 9
3 10
2 6
6 9
6
139 1761
43 81
741 1379
16 253
643 964
106 1225
10
0 7
0 2
0 9
0 6
0 19
0 8
0 4
0 7
0 3
0 1
4
0 0
1 4
5 7
0 4
4
2 5
0 3
7 7
0 3
5
0 2
5 8
1 3
4 8
7 7
2
0 1
0 3
5
1 5
7 9
5 9
3 4
0 2
2
0 3
0 1
8
2 8
14 15
1 3
0 5
4 9
12 13
7 10
6 11
6
0 1
2 8
4 8
2 7
7 8
1 11
2
64 104
1231 1707
3
0 2
1 4
0 6
9
8 11
14 16
2 13
8 15
0 8
2 10
0 14
0 2
2 5
4
0 2
1 4
3 5
6 7
1
0 0
7
0 4
0 1
0 5
0 6
0 6
0 3
0 13
9
619 1188
1684 1940
558 1314
329 675
220 510
75 1037
121 431
9 14
372 599
5
3 8
1 1
1 6
1 2
0 3
8
0 3
0 2
0 2
0 15
0 1
0 7
0 4
0 6
5
0 2
0 9
0 1
0 5
0 3
8
4 10
3 4
10 11
0 6
13 14
1 2
4 10
8 11
2
1654 1967
193 1409
3
427 1092
153 1270
449 672
5
1 5
4 7
6 9
1 2
0 5
1
0 1
8
1 3
11 13
15 15
4 8
4 7
0 8
1 6
5 8
10
12 17
9 10
0 3
15 19
4 9
0 5
0 4
8 12
14 15
7 15
7
3 5
11 12
1 5
8 9
0 7
1 4
10 12
4
4 4
3 4
0 1
1 3
2
0 3
0 1
3
0 1
0 2
0 5
4
0 2
0 7
0 1
0 2
9
5 8
9 11
8 14
12 13
1 1
9 12
0 2
14 14
1 4
5
0 4
2 6
3 6
0 2
7 9
2
2 2
0 3
8
0 0
0 0
0 0
0 0
0 0
0 0
0 0
0 0
3
2 2
3 3
0 4
8
10 10
3 3
5 6
2 5
0 15
0 6
12 13
11 12
6
4 6
9 10
2 3
7 8
0 11
1 5
1
0 2
2
0 2
2 3
8
116 179
127 1393
215 249
181 347
208 1199
133 282
873 921
263 1566
9
1 3
0 5
6 13
9 10
7 12
2 15
16 17
4 8
11 14
3
578 1230
165 1682
100 1039
6
7 10
2 10
6 9
0 7
3 4
0 1
7
0 1
0 2
0 7
0 7
0 4
0 6
0 13
7
0 6
0 13
0 5
0 1
0 7
0 4
0 6
10
2 8
6 13
1 12
3 19
1 4
0 1
8 16
10 13
15 15
1 16
6
0 6
0 6
0 6
0 1
0 6
0 11
9
7 14
0 10
10 11
2 6
11 15
1 2
16 16
1 7
0 9
7
5 10
1 2
3 7
8 10
8 11
1 10
0 5
2
0 2
0 2
4
0 2
0 2
0 2
6 6
9
8 8
0 3
1 14
2 7
3 6
13 14
8 11
0 7
14 16
8
113 502
38 62
33 114
798 1471
209 567
225 907
148 200
1108 1162
9
443 699
106 740
239 620
163 1634
138 1410
18 635
1265 1451
86 89
290 812
3
4 5
1 2
0 3
5
1 3
0 5
4 5
3 4
7 8
3
4 5
1 4
0 0
1
0 2
10
2001 2001
2001 2001
2001 2001
2001 2001
2001 2001
2001 2001
2001 2001
2001 2001
2001 2001
2001 2001
5
0 3
0 1
0 9
0 3
0 4
5
580 1645
607 831
1184 1237
126 127
570 2001
6
4 8
3 6
0 4
2 7
8 8
0 4
4
1 6
1 6
0 2
2 4
3
0 4
3 3
1 4
10
15 19
2 15
7 13
2 8
10 13
7 15
6 8
0 11
2 4
0 11
9
13 14
7 14
2 7
11 14
1 2
0 4
2 11
8 17
2 4
7
3 7
12 13
0 2
3 11
3 3
0 1
3 7
8
0 4
4 13
4 10
4 13
0 5
2 2
8 13
0 4
10
249 1823
1199 1369
50 132
1564 1821
55 718
983 1201
1213 1335
1007 1337
319 320
329 1138
4
0 7
1 4
4 4
1 4
7
0 7
0 4
0 4
0 13
0 2
0 7
0 1
5
3 6
2 9
1 7
0 3
5 6
7
5 11
5 5
12 12
4 9
1 5
1 9
2 3
6
9 11
3 10
0 1
2 6
5 8
4 7
9
252 471
622 1195
1615 1675
505 578
495 604
571 703
250 1671
397 419
1017 1394
9
9 12
11 14
1 13
8 15
2 4
16 17
7 10
0 5
3 6
3
0 5
1 2
3 5
10
0 14
8 12
16 17
11 12
2 8
0 11
6 10
4 6
3 16
4 16
8
5 9
1 4
4 13
10 11
0 0
4 5
4 10
12 12
5
2 3
1 6
5 8
7 9
0 4
5
2 2
0 1
8 9
1 2
2 7
4
0 7
0 1
0 3
0 4
1
26 131
5
6 7
0 0
1 4
3 7
4 7
5
5 5
0 2
3 6
6 6
2 4
7
1 4
4 7
12 13
1 2
4 10
5 9
0 9
10
0 12
8 11
2 11
1 9
13 14
7 15
3 5
4 14
15 16
6 10
3
0 1
1 4
4 5
2
1 3
0 1
7
4 4
0 7
0 9
10 11
4 9
3 9
1 4
7
1349 1738
176 1953
333 1352
90 1511
105 417
902 1970
1106 1670
1
0 1
