20
2 5
0.600000 0.600000
1 20
1.000000
3 4
1.000000 0.900000 0.100000
2 7
0.194986 0.812560
3 17
0.483998 0.280057 0.517285
3 42
0.000005 0.000007 0.000004
3 10
0.833339 0.112650 0.826782
3 4
0.999999 1.000000 0.408041
3 10
0.861941 0.913513 0.184659
3 42
0.999999 1.000000 0.999999
3 100
0.271663 0.035042 0.634648
2 5
0.010638 0.518199
2 7
0.827128 0.025931
1 3
0.000005
1 4
1.000000
2 4
0.000003 0.000010
3 10
0.142456 0.945651 0.187228
3 5
0.328909 0.389193 0.233325
2 60
0.010141 0.640908
2 3
0.999998 0.999999
