100
757 981 567
266 944 230
38 512 13
507 984 785
513 513 1
690 101 11
4 5 4
348 281 74
3 5 2
5 2 5
949 859 231
5 3 3
7 8 5
207 740 948
1 4 3
938 743 756
978 362 230
4 3 1
810 435 787
825 123 102
1 2 1
346 344 191
441 442 39
19 230 2
592 748 368
1 1 1000
4 3 5
4 2 5
3 1 1
303 68 780
2 48 2
755 178 147
4 2 2
512 512 1
5 2 1
444 634 748
397 328 700
134 337 133
2 4 1
961 972 968
930 290 825
513 513 512
950 667 530
693 685 114
512 512 257
126 583 115
904 186 831
554 492 573
570 356 471
438 237 87
1000 1000 1
922 719 478
912 958 193
938 795 996
998 441 733
685 464 796
796 223 162
1 1 1
3 4 2
103 143 88
512 512 2
348 133 114
1 4 1
513 513 257
635 121 790
513 513 2
53 849 53
427 581 527
53 821 34
996 189 14
725 877 935
4 3 4
2 4 2
302 877 15
117 226 81
18 138 5
626 16 125
193 448 583
249 568 98
1 1 5
909 287 780
327 134 92
705 429 733
927 463 378
4 3 4
994 850 596
3 5 2
4 4 5
430 419 589
787 562 995
859 852 813
512 512 513
512 512 256
4 5 2
45 56 35
39 641 484
671 831 396
513 513 256
670 571 551
717 572 174
