100
5
1 9
10 1
2 3
5 3
7 3
3
0 100
50 30
30 30
5
1 2
3 4
5 6
7 8
9 10
10
50 18
17 23
82 93
29 51
40 31
54 46
70 73
77 3
54 24
48 62
10
97 45
57 32
97 90
84 40
43 20
6 41
65 8
16 7
83 55
20 40
10
3 10
46 14
82 39
76 69
22 98
71 47
71 75
73 66
61 9
73 93
10
86 90
56 29
23 61
91 53
38 19
24 60
0 80
25 86
21 19
50 14
10
71 77
10 71
72 52
71 74
63 27
36 62
29 50
25 100
98 23
63 39
10
80 10
63 49
35 79
15 85
80 54
37 16
30 42
98 65
37 13
71 11
10
9 85
78 10
99 35
20 53
86 79
19 22
58 54
42 49
29 88
54 43
10
42 80
80 36
59 21
28 93
94 76
49 22
56 41
57 39
93 24
61 24
10
22 25
55 36
24 20
53 93
93 12
72 58
41 44
45 75
86 100
28 84
10
4 80
59 18
43 34
94 55
65 34
40 17
32 75
79 69
53 5
64 87
10
14 25
91 80
0 33
73 22
36 18
96 72
26 62
97 62
7 76
75 79
10
60 89
20 43
6 23
62 30
15 11
94 87
64 48
22 11
21 99
92 37
10
0 18
31 44
36 97
90 30
37 47
71 75
7 12
72 98
36 71
63 91
10
14 28
44 90
24 4
45 36
92 92
0 45
74 17
11 87
8 19
30 70
10
29 59
67 34
38 13
86 27
35 39
19 14
47 58
89 24
2 58
100 55
10
11 61
79 62
20 44
23 7
87 8
49 48
7 85
10 65
28 2
78 3
10
33 96
50 92
14 49
0 27
38 90
29 44
35 80
78 36
47 16
46 78
10
45 52
33 14
97 31
91 11
99 10
51 57
93 33
11 53
56 66
68 55
10
8 8
12 89
67 76
20 28
36 39
62 34
7 12
90 50
30 29
18 15
10
55 76
81 5
35 6
17 62
6 72
52 1
17 23
75 66
81 75
37 64
10
11 56
56 39
30 96
7 49
33 35
3 99
41 72
86 53
12 20
37 69
10
86 41
90 28
49 38
95 98
11 92
10 18
99 47
20 82
14 43
18 27
10
56 9
57 7
67 94
68 17
52 100
65 58
27 36
16 42
50 50
46 85
10
2 23
34 97
62 19
76 44
40 86
51 17
29 88
37 25
30 17
77 24
10
54 51
51 34
51 31
94 60
19 55
44 54
63 88
44 93
47 64
92 59
10
92 25
75 20
75 7
73 67
74 90
82 88
72 33
62 54
89 77
77 17
10
98 45
24 51
66 64
30 90
62 91
12 89
46 54
75 92
20 54
37 4
10
87 19
4 60
23 5
62 46
27 100
29 1
14 92
81 82
47 20
32 25
10
45 83
32 79
97 45
45 46
55 43
27 68
23 13
72 69
47 99
61 50
10
82 90
25 90
18 6
53 54
30 52
76 45
21 36
98 59
24 6
99 99
10
75 68
13 64
42 94
79 40
69 8
84 20
87 98
43 61
95 88
38 20
10
42 1
17 18
76 82
5 40
38 22
20 71
100 82
56 82
1 46
11 9
10
66 15
80 99
69 31
89 82
79 87
84 28
61 100
46 92
96 65
3 18
10
4 21
14 27
6 42
4 38
71 91
75 74
64 94
14 66
77 97
41 89
10
15 92
18 93
9 76
65 79
16 52
20 39
0 56
39 13
43 34
70 43
10
64 34
62 98
76 99
32 85
65 49
27 20
14 94
77 93
12 94
59 15
10
86 23
6 12
90 69
48 29
53 1
25 82
51 46
86 82
52 37
47 50
10
2 85
53 39
75 17
13 1
39 1
71 2
56 68
0 15
51 63
57 25
10
64 40
44 54
53 96
68 58
31 8
70 75
80 22
67 89
50 41
65 87
10
79 76
86 19
8 78
82 96
100 11
12 68
62 70
44 77
99 26
28 22
10
14 7
66 55
99 12
99 34
51 56
98 98
34 75
23 76
86 97
43 62
10
33 35
81 43
48 59
47 13
46 54
0 58
36 29
42 78
96 44
68 91
10
31 46
10 32
76 42
69 3
3 74
48 82
42 82
8 34
73 75
53 100
10
34 16
96 86
8 18
2 90
98 71
35 48
84 92
49 3
55 23
96 51
10
46 42
66 82
50 37
65 95
21 8
60 88
67 59
60 80
4 55
86 93
10
12 28
37 27
75 68
95 54
2 40
15 90
69 23
14 71
1 34
35 65
10
9 46
19 47
82 34
81 6
88 52
87 12
58 79
92 76
11 92
79 1
10
26 68
10 96
7 69
88 34
51 36
79 36
26 99
20 87
73 31
88 10
10
52 26
97 35
59 85
63 77
68 19
25 69
96 77
34 80
69 87
95 71
10
89 2
31 4
3 27
79 55
28 56
49 84
96 99
37 42
77 3
52 4
10
99 50
94 83
92 40
23 94
52 61
68 82
38 13
17 16
16 70
30 90
10
58 67
61 62
30 95
82 88
95 92
85 80
55 76
14 54
94 93
12 58
10
79 6
92 3
72 100
60 73
59 86
31 55
8 50
52 16
9 8
62 59
10
46 76
24 79
87 89
1 69
82 91
84 54
94 85
97 43
82 70
66 46
10
38 82
66 54
12 23
32 96
100 75
5 100
38 91
89 32
91 47
3 86
10
0 54
75 91
16 31
63 32
97 48
22 67
37 85
7 32
24 22
27 5
10
54 26
52 5
81 96
70 13
90 72
39 8
33 27
8 2
30 42
69 19
10
0 73
87 65
58 72
88 26
97 95
11 90
56 12
72 55
3 68
19 99
10
91 89
97 14
39 46
14 9
25 31
60 13
31 16
3 69
83 35
0 88
10
58 91
84 32
7 82
63 8
22 93
84 22
84 98
36 42
65 49
81 1
10
10 90
88 7
69 25
54 56
35 76
6 53
71 72
43 82
46 80
71 94
10
4 70
2 40
14 35
5 45
75 32
83 41
75 26
61 52
63 69
33 49
10
73 84
95 30
64 47
81 71
35 94
53 93
92 61
72 52
2 66
63 86
10
61 55
19 52
36 58
12 67
50 4
40 82
91 28
58 30
77 29
75 37
10
50 43
20 98
71 100
40 2
7 63
65 21
66 49
76 66
34 55
69 19
10
20 10
55 61
47 42
95 50
26 38
63 4
77 36
85 46
41 12
55 43
10
52 24
7 86
51 10
6 38
12 35
20 26
53 47
64 1
94 27
21 24
10
76 32
86 77
21 59
36 8
93 58
85 41
11 55
23 61
10 100
58 34
10
9 87
36 41
78 5
14 68
99 37
13 21
89 52
20 8
44 33
77 62
10
20 43
33 61
41 61
97 97
56 45
0 67
64 26
13 64
84 95
98 51
10
58 34
58 63
80 78
66 75
100 26
54 68
82 39
73 90
100 4
41 70
10
98 18
14 6
94 33
13 82
32 86
87 12
49 100
41 15
81 97
77 53
10
52 14
37 96
56 22
42 48
7 96
0 83
74 94
58 38
64 7
96 80
10
86 22
76 63
38 60
78 79
44 19
80 5
45 49
1 79
39 73
76 42
10
2 48
59 94
13 3
2 19
67 26
87 38
93 82
1 26
28 74
11 28
10
99 12
75 19
34 23
83 52
81 11
35 22
36 78
1 89
61 1
6 8
10
3 14
36 80
56 56
23 20
56 62
33 33
69 58
51 87
5 97
37 32
10
54 25
83 12
3 50
32 76
14 35
52 3
25 52
6 63
66 68
66 67
10
15 97
3 60
12 47
48 93
4 90
45 71
79 5
22 72
46 60
89 56
10
25 19
59 33
42 63
8 71
66 66
48 15
33 8
62 89
42 90
53 20
10
59 1
91 39
67 30
43 37
73 75
38 55
18 34
64 70
86 85
36 23
10
48 49
80 32
97 36
13 44
33 39
70 32
53 83
50 7
15 44
43 69
10
62 44
90 18
9 83
22 3
63 62
0 30
36 84
92 16
7 85
50 64
10
72 55
25 78
86 91
6 93
9 8
43 74
77 44
20 52
89 28
12 50
10
2 72
90 39
94 59
2 57
5 24
57 76
56 50
94 35
26 19
2 24
10
23 45
72 28
36 69
75 60
23 97
44 58
6 44
13 58
89 10
85 10
10
52 42
34 48
93 97
9 68
75 96
48 9
15 18
37 87
85 92
4 91
10
10 22
36 76
77 84
67 26
88 58
35 81
80 7
67 28
92 6
18 18
10
97 98
3 70
68 63
36 79
86 58
73 51
93 22
81 100
26 97
84 41
10
17 73
95 51
58 39
88 84
55 96
9 98
67 32
23 13
8 76
77 90
10
15 79
50 66
3 59
65 4
69 42
59 99
25 42
37 33
72 23
47 21
10
61 37
73 7
30 24
26 3
92 29
20 83
23 84
14 99
36 44
17 43
10
16 38
59 92
5 96
60 33
1 73
12 82
86 58
87 38
17 47
48 46
10
37 43
17 71
64 84
38 39
71 35
7 2
33 74
17 9
21 87
98 16
10
26 44
95 44
69 2
95 23
67 34
30 61
96 41
2 62
5 95
17 15
10
48 75
54 54
8 21
32 6
46 96
36 5
82 52
7 84
79 86
83 15
10
87 46
83 20
37 3
10 100
37 53
54 41
62 86
9 54
42 66
25 94
