1000
2000000000 2
8212794293 9
4113195329 15
5423431952 6
5116130073 6
3077849569 12
8487552782 37
3510854650 4
3487427951 4
3926007721 18
8826652316 129
5757503766 182
2200361307 3
9849130675 12
4207014033 33
8209655618 35
4032135314 5
3602012112 4
3028612355 12
3268675628 4
8345943706 9
3783212594 4
8857008699 9
8732899597 9
5221604065 6
6089177327 7
4231418546 19
7495723718 9
7394676581 37
4212185794 5
5935846022 6
5444957804 6
3764758655 4
6316544452 9
2163274646 3
3979568948 4
4468448067 5
2933530286 19
9899150736 17
2541732560 39
9602634143 25
2501485517 3
8702910444 96
4277356718 401
9343897628 10
5699802940 35
5686303705 6
3081220889 4
3680259179 4
5276997587 6
4373977988 5
7505795879 8
9630767988 112
8718629456 9
6881107574 7
4388201150 69
5729412487 6
8409552436 9
8619705007 9
5089269169 6
8028254690 9
9095201471 10
8924066338 9
8775913742 9
2223020735 33
5306572995 15
3558589085 76
9032398979 10
8997930938 37
6344430909 7
4105352956 5
4156583283 71
6148355507 27
4785572387 5
3804829971 6
7445463044 23
8103106823 9
4150308213 33
5489920343 17
8522200104 9
4191272890 5
4340797057 5
6651614770 7
2162766095 3
7030793051 17
4788231650 5
8426127975 9
9928742546 10
2712303479 5
5874051169 6
5906229349 6
8513455796 29
6450224834 7
6172445667 7
4851585428 65
5177264041 22
3261518204 4
5133556055 6
6709549124 7
3270962691 3270962691
3549259591 4
3628726625 4
9534513629 10
6112827916 27
2024102208 5
7709221522 8
9720020224 10
7702837479 8
2354007451 25
2931483694 17
8164604558 65
6000813868 7
9799472906 38
2492281696 11
8569411182 63
7749280463 91
7818957239 8
6375377463 25
8469856861 9
3989795310 32
9482260504 10
6562127893 202
7372377945 8
3891974414 4
7684588212 17
4994979804 5
4807182078 5
3458238981 10
2514216079 13
9897725329 92
4267944141 33
8328847609 9
6973196134 7
5097270865 6
6966025085 7
4812285469 5
6932641564 16
7450968734 476
6937867086 7
7276343804 8
6984575705 7
3949410094 14
6452656652 7
4879787613 5
8202986546 13
9985206758 33
7705435076 33
2498490902 3
4107612033 5
7915504469 8
2636602050 9
2769210116 5
3155958071 12
4121671244 5
6773616397 7
4413185865 5
8378399000 9
5215721602 6
2042308568 42
4985462333 18
9417062506 10
9237413522 10
9309764915 53
2808524564 15
5395658714 57
3139724378 4
2112306135 8
3777089046 4
6309436129 7
7875763040 30
2383849274 3
9971535746 10
9050171839 29
7461319493 17
5440109885 6
2642676488 3
3026761783 7
7221261899 8
9241113800 106
6804537419 7
6886425142 17
9217719394 10
7692136751 23
9088399836 39
6156832592 7
7402506831 15
4341092537 5
8777328950 9
2475895842 3
8606599417 24
4625607739 5
9657271491 27
6709141784 51
9039834944 46
7040707772 53
3361567130 149
6953455383 50
2253761957 3
3524216610 4
7726565585 7726565585
2561608719 3
9865138882 73
8306325574 9
2477294914 147
5053565690 6
4121479286 23
4175735100 5
4484765578 5
6209881860 48
2486182004 5
7108105578 8
8923168610 9
2214829501 3
9176870525 22
4190607970 13
8872741424 9
2722776949 1429929624
3736410338 13
8099886705 9
4528678994 5
8260695680 9
3355815844 31
4825140869 5
2149267527 3
3259627346 58
5953631618 6
8384355146 9
4388341367 5
6433549967 54
7370255954 60
8068844300 368909843
4082902916 11
4405902005 5
6729864153 7
3771889036 4
2762418218 7
5094785481 94
6711594689 108
2772465768 38
5503139022 6
5999021069 6
5081057446 6
3334270567 62
4587208475 5
3277472309 4
3107550986 9
6088644632 7
5066885532 18
2058418094 3
2715002848 3
6954540486 13
4280645969 5
2368904081 5
2143995104 3
7604287715 8
5657771601 34
9468385940 20
2933533475 3
2184498286 3
7875803988 24
7608517768 8
3005033893 15
8242071418 9
3801517896 37
5169130834 52
3344941073 4
6774602540 84
7190637957 28
6600441865 7
6001451566 7
6697159445 7
3241571924 15
7487711099 14
2826079816 3
2853067458 3
6518535914 7
6700460551 27
3774533537 4
8847492491 9
6039469806 7
4803638790 5
6626115851 29
2882065800 9
4515039232 22
2181359237 3
4470583529 5
7015990217 61
6473976210 119
6413029036 7
5207085446 6
7418816539 82
6345132828 7
4890646100 5
3354637124 51
5160539152 6
3477843031 4
9280602542 10
8201231066 9
5211323589 6
7108362431 7108362431
5237758135 6
3583274217 24
8877535014 9
7607308132 17
3300089546 13
6908535359 7
6147410053 7
3238630214 4
6932010746 7
2982668645 3
5892315852 6
8535330297 9
3521033020 4
3182437895 4
7291338829 8
6368328452 11
6388351843 55
3771170038 4
8662270466 9
5904812144 16
2686365848 3
9957261284 10
8307371051 9
7910483764 8
7949076461 8
8731603189 9
4638897753 30
3970799178 4
6128473862 7
8389605482 9
5314620808 33
4826756660 5
9503108459 10
6531351095 47
6006887565 7
4087651166 5
8391183291 9
2234999585 3
3459778086 4
9487399647 111
6577886106 7
8293161387 474
5448826185 6
9290052849 60
8038216240 9
2021181948 3
2583274895 3
8268695846 9
8162758784 9
6657306212 45
9840701090 65
6338323938 37
4857534819 17
8616858024 9
8520980881 9
9843889358 22
4160255422 19
8314349840 25
3142808488 52
8085998261 9
8795398031 29
3988176581 16
3303856851 4
4540655251 5
5793546815 6
8138537173 27
3648254771 4
4248809224 65
5186426404 18
7740523460 10
7582567511 8
4695386868 5
4391574191 5
6180547229 17
2733382450 3
7331054837 19
5103324736 6
2235967329 7
6803008609 34
3376574197 10
2436770957 8
3488041073 4
5233503863 7
4200632111 5
9022067705 10
3026894106 4
6349700378 13
6774190115 8
9798596330 10
9921995329 44
8558548377 9
4724805696 5
7405630794 50
7514133325 8
6056391414 7
7167466871 8
7616310123 17
9858496403 45
4611402764 17
3111021821 3111021821
7380170721 8
8372533727 9
8628916322 9
3598812440 97
7807666811 8
8759159141 9
8398421551 9
6562358585 7
5715611201 23
2357137268 3
2037303980 3
5257339160 7
2865166778 3
7223676828 32
4825011629 18
3198287077 4
7776948518 8
6126756105 7
3387568367 9
2757662036 3
2127368387 3
3123134682 16
9991157879 10
3202161268 4
4055787696 5
3357191963 4
5096528753 19
7903635221 8
2199727129 39
2546903391 10
3561144332 4
6092440331 7
4501683394 5
8104338504 9
3932891552 14
3056159651 7
4840941485 14
4243198019 5
6061513694 7
8695832801 493
6709199446 7
5365130430 6
6806914567 47
5777097205 6
9848813946 30
6944536844 7
2579254715 5
3716347814 7
2935552486 21
6554591375 7
8754905990 42
9862060884 22
9262740299 10
5129980237 186302
3046033346 4
6743831530 45
2064369003 3
7797535986 82889
2928171314 3
6133858609 7
8281175398 21
3895122872 13
7759606432 8
8686886613 9
9264477735 34
7183157456 8
8731360461 824774793
6201507266 22
5045778276 39
9078184661 14
4376845519 19
9935474393 10
3591566606 4
9995961896 32
6064617443 7
3818119054 33
8789591135 9
5885116011 6
4947599007 5
5085234206 498047946
3228798601 4
2813064375 41
9542028227 10
3150040967 122328
3796721267 16
3889252145 4
3572206519 4
7812388562 26
4237191289 19
3684484307 4
9487848213 10
5756780960 6
7962508542 12
5973036407 19
2610865193 11
2797024974 10
6930232297 27
9391701485 296
7929489710 8
7857577412 7857577412
8263543979 9
57458624482 58
81784733953 82
85998078699 86
18160927298 19
92849300049 93
46157539562 153
29373573088 50
22155737308 23
59416000779 149
23448465670 158
34158691371 117
90052746464 91
13448759089 14
13619722823 25
82892747890 157
94811350572 11552
68473478339 69
18972748234 59
95577531433 96
40442423468 313
90651440673 91
62279304655 63
21607324582 22
30758077545 31
77827379810 78
88832657715 9861599627
90552841482 409
58597969604 281
39971684225 155
92609876304 93
20457142392 75
62047781263 108
46024078889 83
69695807651 99
49800507108 222
56168220015 577
43097438903 102
68783238400 269
71690814302 201
35098986129 89
20626010774 82
65736768258 66
45344028298 46
92576409270 5276
32063863371 33
94164921606 2374
19529989245 20
34907426856 35
68552926574 69
12191572794 173
54678921268 189
92560091480 305
89658278099 298
14907861589 19
50771888290 283
41890624099 199
71545192222 72
10147584746 16
25163573768 170
90467428407 323
37680589522 256
65865382132 66
54961274386 55
77645658076 206
64382342374 65
84776987850 85
80973259867 81
78328192141 79
94796359544 95
92019022916 462
92219396549 229
44064321662 255
95815921236 324
66835936870 437
51161577590 52
47219094345 48
75183806698 240
47699863238 165
84313698241 85
22657349139 679
59177982313 66
24341366996 25
57627946781 2744
70879419670 71
18497077341 19
76355001587 77
10206581013 121
51777189164 115
79112499270 80
46752519497 47
22905706935 23
47119182044 48
91242976524 201
81411830162 139
99359808124 100
69864085722 171
67990572609 68
33787518256 34
73996395412 73996395412
53974041010 54
92834665847 93
71850936635 72
19088775725 20
10600190914 11
94566651392 132
84221974649 85
27837398139 111
94211996626 260
92164046404 113
91594938581 248
53488210789 1381
63412259800 173
99757815334 100
52417633132 77
39528504423 40
33351687648 34
83559876904 2686018781
62446677511 8805332015
61402073569 106
86160693088 87
32232205447 33
96497446967 1813
49513405788 50
57131506356 58
83055956759 84
46608236710 1467
71063132821 86
96836309747 97
79680466672 80
62853457725 63
81937916859 449
37599314095 38
17475943599 18
42402406304 43
93452124424 345
55069177087 92
77241035214 78
24543295560 27
77502022196 78
85466792459 86
76772917071 77
38175831104 39
13313399834 14
56924203739 57
70211612436 177
72485949237 73
35311991514 144
85286052287 86
61862443432 62
48554841814 49
6140400029153458 6140401
5230854187640879 5230855
1663296815955733 4756627
8724333064187252 11752455
4350423725134550 12483829
4173133333769638 4173134
5172748824611922 5172749
5293493815122267 5293494
8260347118034772 32324397
2165583475338036 2165584
7378583238451680 20606248
354188517352430 578430
4399635345425753 4399636
7274899951037572 35800908
2198632448272103 3150157
9243198415582681 21752635
3745730674592198 11275357
6179921832545710 70528947
2057589101663237 2057590
4463642451757780 4463643
105378820018228 105379
7094860824982448 7094861
4092440270972213 14658737
1452055636489800 1452056
6609755740909178 19847052
8123051818383129 78066825
7527323788330648 12362139
4188588628992112 16290553
3891154545978775 3963744
9594290358189115 18176659
3640005447752785 10243876
1419395833161141 8619694
6255535753324100 6255536
3321301707518812 10288962
5579971069723989 5579972
1404826285927839 1404827
873977316297572 1147910
8690891101102310 29021304
9918255417206247 96302733371
329656487738063 329657
6527327796160667 21676188
9768742370464677 140353901
8473252275550737 56994773
7332409371811051 7332410
7569835725390979 52369854
4997876320897493 4997877
1017860136343927 2418029
2991832367763927 2991833
5925888209606304 5925888209606304
838132496378894 4661445
2800190089435898 3532589
9886672970261542 22443079
3883329374397790 3883330
2093622761116940 25389490
8737884058572711 8737885
7874642246152141 7874643
7922933313327842 7922934
4741739073975183 29327288
6708940514772052 6708941
7124984444407351 52164289
9677061900023105 9677062
4455395873859434 16917810
9593632094491972 22286349
8018916048762645 30449177
324692127919738 1073294
7179096375120856 11406476
6982401736431903 16556463
6249994851056332 6249995
3373672789102080 15947737
9496955933709830 22805787
4397923101784084 4397924
8240655588449773 8240656
9617132358225518 14221430
2797507212698385 10099405
9976656858303871 33349955
6222314875444268 37965601
1693263469537390 8900074
3543556353324355 3543557
9488905735987255 18227660
1908194609471558 1908195
3375952506728538 3375953
5481630570447852 10559317
5231833088136516 20291712
7562074894067783 49536914
7486159535407267 7486160
6850723871089593 9873017
8153726155474587 64287232
2203133193995692 2203134
5435224277935936 5435225
8498968325098492 8498969
1658822774519384 5799415
7670162985226973 7670163
9971240134159589 55325805
108922669936701 108923
4369611832888166 25570969
48717063591361 321552
9117741179341892 9117742
6304792773487524 8014593
191734291479480 545999
3082595598012348 3082596
6803529125546543 244789654
7089759350172675 7089760
8882024572875160 8882025
4539510199255666 4539511
4796743850627366 16260889
4029827860423993 4029828
2469422011715209 2469423
6349370140604720 13356730
4977423255678438 30816243
8613751135099155 8613752
9564211031823081 9564212
5205259943413049 19731920
7900639769338397 7900640
6618160476103957 25269481
6106081949901801 6106082
8628594084287548 87344760451
7507960176065893 7507961
5577226214688816 7332953
5758532853723858 103799001
1152465343566939 1152466
6644029087603387 6644030
7335628176471458 7335629
288129308043281 288130
8701143859043427 8701144
706624674454692 706625
7059754124689298 47721175
1960406344260886 1960407
508431931365314 3270332
8366689169084597 61619750
2470125779055436 2470126
1213079556738183 1213080
3418269597488367 13239419
1959794078476197 5909447
4342048869894646 7704251
3749654925059970 14350086
4789553704334793 4789554
7850280896720295 7850281
8964764202786257 26666091
1705284449252595 2327715
5117030415967163 5117031
824440526285397 26783954033
2517896739641122 2517897
4075500547524530 4075501
284374537005033 284375
1458578853232875 1458579
1198861168063641 1280206
2372501977009006 13747458
794029778312128 794030
1061196219829213 1061196219829213
6223810969760550 6223811
80457061505971174 80457062
65801601864998510 65801602
94492065461324788 258927914
70645755204912180 70645756
20684468063827794 20684469
91243347991189495 337232514
73004496422341128 73004497
78448758016681957 313109993
97234927206614938 650373267
79667859733598008 158678123
89191842111621826 89191843
98328781536758752 98328782
41832738811395905 41832739
45317352304096192 1214888198413
59840168076140040 102477109
72027388680215600 95609932
80583532953404627 11603581513
43074963473057704 58235715
85678310572244008 85678311
81462354130299440 251314763
38557017147288079 38557018
30623973116665960 236424789
91005382523214201 91005383
83145551788466336 83145552
40444522125798238 40444523
62813051201510752 62813052
18936298733002250 18936299
33671238160423816 6702685987345261
89522563389059688 89522564
51309730916767513 51309731
62116010257694632 204661759
82273517427133869 82273518
49320393434817006 49320394
18929419279417808 18929420
56570843854648560 56570844
86394078654616590 86394079
11846017992520256 11846018
38588478968481376 38588479
49871186171482472 49871187
62151033143064397 224604812
21298300188975199 74495641
89740067546361640 265574286
43220116444729269 43220117
62819098458938050 62819099
15719736469941400 15719737
79674342265362250 231150708
91621195407511162 91621196
16945497620984238 69505958
86813355711103615 989146307
31543539763609162 74571676
64882125380437264 180522299
98353533473677298 98353534
98062687518016381 151459213
22131531868511205 46952741
25995633823987302 83856995
98749386503585800 98749387
37562829751376787 119461819
74901246098452862 74901247
15068681712856936 110720747
11555523900295056 11555524
63180674099126937 215010717
61920837998342340 61920838
59708294922884032 59708295
45181496044980352 45181497
47028873715808155 47028874
94610394179157979 142477689
59074308333585935 1301089901
34820151025258180 34820152
55704368219493261 1929523977
87284678626091216 87284679
56811385857351419 56811386
24728332030046752 24728333
99242970423569800 99242971
23945478482288000 23945479
54814146160491166 54814147
48255523435938925 48255524
56977126464350800 56977127
97396895653345980 97396896
87492285742966440 87492286
29373546268242379 29373547
82671888420961903 108037961
16398766457669783 37753939
61467896410487746 61467897
79966704252440875 79966705
32023713634417004 32023714
45691587220593890 45691588
68731382237087982 68731383
76229681574319378 459429377
40816476408191456 40816477
49351334564864485 92050021
20098753685295988 21480921
48337465901216752 116971057
36432648814151752 74942095
80824355186974162 125391695
97126029136224814 239303799
16678448145741272 16678449
21584605728155050 21584606
48416922577988784 48416923
80567784945942480 80567784945942480
43249525204026250 43249526
99000363615960917 586302554
93856987409524982 166393115
93366327271658467 93366328
99589867601751014 99589868
93868528367433160 212536287
97238608388060140 97238609
92778556595908237 92778557
96818793873901526 96818794
99696572194557169 99696573
94243934073331568 94243935
97869644616506052 97869645
90006661425400925 90006662
96664579677678836 251262122
91426552379482344 264360792
92341791499209642 92341792
95606339734851692 685777952
96442116936727800 96442117
95415436710786476 2621676117
97197334276854568 97197335
96471720439660068 158108477
98485380627361152 98485381
96434124042200646 96434125
98534370796167015 395553310
91257659574201796 91257660
94310882551178145 94310883
94364585884622278 94364586
93776295911509552 93776296
96641616520309360 96641617
90269430642051876 90269431
97635042519534121 160411638
93594833726813824 127760482
94574364848075020 14205611016744591
94379456834791308 94379457
95613195181465412 271549893
91228276077880136 10795077256
95676538414064701 95676539
96691020576792163 96691021
97680882342888160 97680883
94578950811240929 525247197
93007452983477830 93007453
98176768961976444 6256634645
92802435835595337 581077131
95965773654980287 95965774
91164319965396483 160270321
94657486170634028 226499783
91524347713395425 91524348
97628903646763292 97628904
97216168461159232 97216169
92996068903569589 92996069
95637152282812396 227835023
97790796989953954 358519777
90655530112789888 2050477939
99333614074980984 99333615
97064301535548803 97064302
94567086093199656 726143911
92308866807424296 92308867
90579598712537497 90579599
91365707389564794 106811338
91624776353942450 300935391
99684341189472762 369006602
93811276358169945 93811277
91122668656158660 198155890
93514782469538785 946451200
96248242769461263 96248243
96880867824779800 2092255796
90439633765813068 186788631
93601087764959340 93601088
93512567721528800 93512568
98256900326971764 169723259
93389055739821025 93389056
96248478922634536 96248479
95583595639050385 497716682
94150541351988147 94150542
92206099880371372 982022495
97090240474093426 97090241
97542194086160304 97542195
98867219776982130 98867220
99749022499683768 99749023
97728257780342544 167267570
96111320557327558 96111321
93658617057999159 93658618
94099016482632609 1055608404
94787585995135020 94787586
91241668800264624 91241669
90076138362739868 409281284
99446588004405786 99446589
94601684418593187 94601685
92961168816878872 92961169
96366891317401095 171802897
98455300459014656 640644366
95876088594790940 300921215
93014826864806896 93014827
93516817403473021 93516818
91776769890433527 150323782
96875173146908915 96875174
98842965609280680 98842966
95735301859086318 145033230
90595162141177130 290461538
100000000000000000 100000000000000000
