1000
378 4
492 18
555 47
881 18
557 3
815 21
498 6
720 7
143 5
695 12
640 7
601 17
394 8
915 52
292 25
495 16
561 11
686 15
575 6
603 12
652 19
735 3
111 6
594 18
788 12
273 6
919 12
569 3
175 19
428 5
396 20
692 21
778 11
417 8
800 43
283 23
930 13
922 26
892 5
751 37
596 10
926 8
149 8
696 3
992 4
866 6
859 11
441 101
430 7
203 6
381 3
35 15
200 12
205 8
433 7
76 4
960 3
217 24
177 26
185 21
88 2
986 23
647 3
94 25
595 48
880 6
440 47
797 5
329 8
608 9
621 5
925 34
290 12
197 30
78 4
321 49
391 44
656 2
27 19
176 7
476 6
771 72
984 8
388 18
929 7
577 2
374 36
697 28
456 7
509 7
968 23
436 16
808 10
223 10
258 9
493 7
482 10
774 7
535 8
357 357
901 6
404994 13
341157 20
139449 8
88660 11
382822 43
275649 37
198347 3
471438 13
522434 48
132993 29
329527 9
456769 2
456240 10
491234 2
69819 4
355914 25
280906 19
353764 7
597135 4
20779 19
198407 6
116698 23
116856 99
588890 4
392456 10
36387 17
583165 47
32047 35
521357 61
73278 3
532258 6
543994 28
109563 39
123554 7
299409 11
12285 3
583618 22
329638 2
134654 13
384694 107
279724 9
263621 26
153168 19
204535 5
470970 12
181078 9
200195 7
216324 15
581352 14
298725 9
537211 16
97148 12
381380 11
7089 23
510631 14
401025 13
588246 8
120441 11
533458 52
53657 24
175383 12
219406 8
330566 9
332306 35
82342 29
372355 2
309522 24
551954 12
425404 3
381457 274
547540 20
337461 8
371184 3
592081 6
428718 9
548066 2
129745 10
13086 14
166339 10
353564 12
116051 44
44504 3
457660 6
34772 20
383314 32
27501 8
402859 7
352120 14
292813 2
206690 14
379459 5
511467 11
541809 3
309447 5
163213 20
250556 29
290141 22
10826 8
493890 493890
283252 3
308450 55
398672 10
126731 12
579897 4
141511 4
596050 13
71530 11
20857 18
588187 3
46399 8
576536 2
16447 13
247383 16
287912 63
410541 37
192502 10
11408 15
107953 47
582155 7
147763 7
62988 6
581585 19
82460 42
404852 13
587520 3
123794 13
556087 55
281813 24
249669 17
509024 19
168379 17
565399 5
235920 46
456412 27
576806 4
257704 22
218180 26
233319 10
154101 5
377773 25
252422 70
230302 3
271770 24
153483 25
522251 4
347611 11
391776 17
73808 36
50302 22
312656 9
715103 27
633356 8
690163 28
829766 14
888083 4
825147 8
716014 30
981221 29
643823 19
624446 2
969763 23
645393 30
912922 25
978346 18
851256 3
866953 8
824771 20
677050 12
629466 8
621041 14
735508 25
689560 16
850943 18
627453 62
984333 7
679857 10
662259 32
815152 34
877529 13
716384 13
873001 15
637404 3
863113 3
728990 30
848965 20
808391 3
935400 2
689175 7
610943 2
707902 3
855131 32
773292 20
926199 10
604503 3
853156 47
629212 70
814631 18
917185 23
873248 873248
605592 9
766077 9
730527 20
659204 20
804525 15
803008 4
731464 12
845210 3
920415 3
698780 28
912125 28
796930 6
685227 19
843250 12
653870 5
724800 4
758325 8
965517 9
957058 9
604514 12
822195 47
733083 59
782040 4
685295 11
906636 25
698200 17
878092 53
951788 10
784347 4
871052 6
748773 7
673342 43
979773 13
801756 8
980290 2
687604 19
617976 6
869332 2
968924 40
989117 13
689937 49
991824 12
614505 23
691812 5
764034 13
684471 22
646506 26
822406 13
873339 45
742059 6
602888 24
695328 6
647827 6
812770 6
683672 9
836482 21
868733 29
817302 126
652754 11
747605 4
619301 11
871865 11
774766 14
912501 12
817942 39
951917 12
778718 43
666947 26
874856 11
934828 3
641071 2
795328 3
740962 6
671103 9
946243 19
714661 17
610752 12
689454 3
676874 141
714511 7
947041 2
938557 8
726077 17
616594 5
894795 23
890253 23
761559 12
703719 4
703383 2
837582 38
778714 55
604670 5
894446 23
696697 22
652854 3
946974 16
952703 17
618505 27
665513 8
811417 811417
843406 19
788688 10
788162 47
893604 5
848958 5
766973 9
974635 3
950437 35
660260 8
954980 8
729911 7
868715 5
883472 32
765133 2
770201 35
789959 14
921739 23
716373 12
608590 16
966165 55
951632 45
669240 3
967306 22
816425 40
736576 33
753813 4
729214 5
792272 28
621597 12
858230 17
800359 2
802216 17
818727 12
661992 13
776487 39
820062 29
996087 13
712143 2
825164 7
946631 4
734190 3
892793 6
774213 2
624848 6
891892 14
673106 7
797475 12
903124 22
755320 12
635671 24
841672 51
626213 4
722505 5
779671 43
611888 12
887625 16
827137 3
785136 11
623858 33
687887 16
853962 7
688082 4
685055 10
925174 15
908106 36
743370 4
796864 22
615372 57
613149 22
694182 13
893637 6
760948 3
994894 4
610160 11
832939 18
945175 15
941954 28
816066 57
875049 15
986423 5
769385 29
862406 4
639915 6
700367 14
991140 19
741620 2
790728 50
911120 14
811387 2
895677 11
768818 13
905823 33
870521 49
617139 26
684387 4
758867 6
732898 10
652888 4
876867 26
628795 628795
995595 29
965432 28
960936 12
956690 8
947328 12
976586 38
963001 57
981192 24
994324 8
971727 4
919162 5
965539 13
973854 24
914899 5
910409 15
998607 6
957406 28
959721 84
991247 33
949589 35
951606 31
917911 2
964143 7
942746 3
935493 10
962897 4
960712 9
953598 71
968605 15
971667 31
991051 8
923190 11
913176 5
935010 20
978271 34
957637 23
931982 14
997414 17
961620 24
919990 7
951381 2
915777 10
976465 11
928563 10
966531 4
911740 63
945379 48
910708 9
962156 10
992773 6
947861 23
929889 31
909065 18
901957 3
991288 3
904993 4
918922 7
984681 10
936855 11
922289 36
910780 4
988855 11
910065 9
910285 3
959247 4
922049 5
965047 9
964458 15
957783 36
975911 7
916441 19
921753 30
939267 16
901444 13
900179 6
932239 8
938040 11
909235 18
929263 4
953090 44
947649 52
991225 9
937578 20
988301 39
996446 6
949145 36
916582 19
926979 7
919808 12
987369 5
927866 2
930426 19
952145 29
980210 11
917807 34
989925 5
998537 27
978993 8
909306 19
942963 942963
977350 6
922535 17
907496 5
905487 22
988924 6
909348 13
932740 38
907775 42
906436 12
901810 17
929544 3
979116 2
988117 24
937900 3
943021 28
996487 30
903092 23
984261 70
958429 5
983945 14
908826 16
925329 4
943529 19
974856 39
965092 7
908360 2
953939 26
945430 12
992028 22
980846 17
971365 4
945429 14
915594 18
950727 4
972679 7
953046 33
914612 28
957968 14
907468 24
987743 7
957574 35
915229 5
965692 5
953982 33
997111 9
975071 3
909968 30
988280 7
902338 9
922120 32
975389 93
929314 68
932236 13
908434 3
912391 38
941763 23
923716 38
987934 6
977651 10
924250 47
935646 12
966381 23
938348 24
900714 17
926455 14
970402 27
938140 12
913175 21
929902 21
989859 79
921269 39
983035 48
917792 35
923558 45
949669 3
920694 16
909225 30
958100 2
945909 3
952961 18
928956 50
985158 8
988985 10
991665 21
903476 3
902239 50
978069 9
984774 42
916939 6
922522 33
949490 19
984895 3
940228 29
932404 23
996336 10
969354 7
938203 92
982968 9
996439 6
960209 960209
990515 5
917136 17
911784 14
944689 28
965265 14
968077 2
910294 11
993212 13
929210 17
936414 97
927953 7
911974 11
987174 6
973384 24
938530 12
931367 14
905745 2
974035 14
948640 13
988820 11
907270 11
903825 167
919281 14
987739 10
936884 2
985263 8
995253 23
936950 6
963072 3
905398 22
948402 114
949806 8
940445 7
944843 18
992411 69
909098 12
923180 28
904413 8
932829 17
945110 77
910189 52
921726 3
989113 37
908624 3
988555 47
993082 31
915928 9
905399 27
963262 24
929567 29
993259 128
903913 7
985972 12
951323 16
980994 6
927475 50
976537 48
995346 4
974091 8
912816 4
959353 8
934513 70
923909 3
962353 20
953442 43
996568 7
950951 11
900197 37
909649 43
909343 2
981482 9
939305 9
998161 10
901179 4
949481 4
947351 38
906513 26
963052 3
929304 6
905477 18
932506 75
961908 12
956340 32
954608 15
946780 5
930057 14
929033 2
955704 40
928414 5
993715 8
939533 38
938633 11
985713 17
928793 36
901251 5
927510 69
942991 23
982977 22
990446 32
925274 925274
975608 21
968587 27
919827 8
992806 5
947399 10
937038 2
948060 6
972312 35
947203 34
913721 4
999358 27
902401 27
914450 13
967260 19
978915 29
943302 28
934351 6
947843 9
915190 7
992519 71
934175 22
962852 8
993005 9
930524 3
929622 8
963218 12
914559 44
905527 10
976686 62
913805 13
986600 9
915808 52
952634 7
938304 24
935237 16
918612 23
997446 8
996193 6
962074 13
913703 55
900511 15
971663 8
955847 4
991054 53
956097 10
908125 64
966176 4
903712 6
972759 41
900378 45
929044 27
997693 11
958851 12
909521 73
903799 10
977250 6
966396 31
985307 69
992841 54
936957 11
989874 12
951113 34
905123 25
947186 5
930149 61
902496 6
936387 8
958581 44
997112 31
950282 10
987027 9
952561 6
905103 11
914964 4
980756 7
919911 24
901761 46
948013 7
991013 14
965739 7
904492 5
940541 6
947318 33
925704 19
931797 26
958033 12
925756 11
911238 41
926845 37
989871 12
926927 4
979001 3
935380 26
929778 43
919458 19
982639 39
910478 10
941529 25
928661 14
904953 904953
978919 19
904597 46
912716 6
983128 4
956319 9
974009 6
912524 23
934086 20
991087 34
967382 24
972125 13
904651 23
931036 9
953690 12
978034 3
946517 26
944129 15
991109 7
989458 47
907204 18
998289 66
969289 32
941593 2
910592 3
908977 4
927767 17
953588 4
999959 12
981689 4
976658 16
967011 83
945091 11
977531 14
975114 2
901764 3
905894 14
969883 25
942778 2
987474 20
950581 10
946498 32
914284 5
917203 9
943535 14
983080 83
973817 12
956442 19
955385 12
916012 5
989270 4
909785 10
907759 18
939640 16
927694 8
983833 21
961736 21
989375 18
929834 2
961418 34
903938 68
901974 2
995114 4
912891 38
926715 26
989962 6
948172 10
939810 33
979006 16
994237 3
907336 5
988580 15
956907 11
938946 41
920647 3
911434 6
933579 27
929956 18
933469 11
989749 9
939792 19
995152 82
996220 48
918113 18
944189 28
957156 7
941933 10
925323 24
987179 6
995090 5
907829 7
907210 12
923133 30
960488 2
950451 2
984636 5
901256 34
909986 2
988275 6
966404 2
1000000 1000000
