1000
857 8
502 27
450 22
209 39
73 3
42 5
610 4
404 9
782 6
609 3
579 3
771 27
581 17
699 54
776 27
555 12
468 12
329 46
137 21
956 7
425 11
645 41
911 8
535 27
29 26
972 9
723 3
80 25
270 2
487 5
830 45
799 25
415 46
940 24
195 4
249 7
99 3
651 3
924 22
169 8
580 38
366 10
455 3
532 8
349 6
462 78
773 7
778 15
622 4
112 3
616 30
521 3
792 15
754 7
464 5
948 43
531 8
315 36
317 2
396 8
454 8
766 15
376 19
284 7
129 15
49 13
446 24
360 4
828 16
387 20
155 16
991 11
795 6
192 2
679 32
858 5
635 38
293 171
658 22
458 18
207 6
143 8
184 71
655 2
992 44
550 7
944 9
627 17
267 5
200 10
998 5
156 11
24 4
982 32
791 8
559 9
930 21
7 7
624 55
147 147
67 9
251054 59
69415 4
546524 7
426782 26
128674 23
360023 2
223674 25
235638 29
249118 30
501675 37
139539 25
342512 21
263963 29
149445 3
355824 14
426533 43
329878 60
541391 155
560004 4
214279 30
20870 22
54369 9
130146 17
51930 42
410842 13
301973 16
527415 5
165305 27
435866 8
114561 12
30896 35
128369 4
116427 8
369460 30
16120 24
364038 36
206477 11
460470 27
229626 25
19956 22
318046 25
145543 25
418016 5
3874 21
296698 4
550072 17
325693 24
26454 17
87052 3
397081 2
366293 14
422207 12
143431 4
20942 22
411461 19
252000 16
333365 38
420620 6
591061 33
212168 12
350107 26
369310 81
36297 4
331964 17
36554 7
36086 13
144151 29
454763 18
546980 7
127447 10
537371 9
384334 21
257456 18
98116 28
395660 9
381670 15
287721 25
155113 26
91106 6
99769 4
438361 2
496735 3
229846 7
220354 17
79793 21
262107 10
557037 27
469553 3
90303 6
366550 4
214296 15
304048 20
407877 5
7558 3
585006 22
574447 42
271004 13
548999 8
6576 6576
583160 10
382010 11
438828 41
117026 8
183253 51
376317 9
101556 6
369143 11
435898 29
132807 39
452663 16
574757 7
17830 32
383551 26
158166 4
303894 2
323280 10
158090 9
494626 6
273633 21
540131 5
397518 45
195592 5
154338 20
517046 13
144185 2
359003 25
80545 2
382415 11
543277 76
50954 19
188664 3
92004 23
243708 3
18811 3
314635 8
584578 29
521387 13
534930 6
269480 27
457261 4
397653 4
46709 29
422508 45
106674 37
394631 10
242697 3
39863 3
283508 8
165419 11
167926 21
930087 60
956561 3
741934 16
627984 2
962425 10
965705 26
629772 15
655141 13
937317 8
990786 5
844103 19
995634 14
681772 15
640774 13
901052 9
973322 5
746427 87
797058 11
641737 13
956151 28
794156 8
892275 27
650255 5
964114 21
998381 46
614309 11
676380 7
667286 3
981878 15
905224 11
995077 11
928037 6
939495 53
828339 50
690195 19
964246 16
712475 14
887945 38
944522 51
656739 12
661526 24
826786 41
689836 3
867266 6
742176 4
665519 6
671541 2
788135 8
713927 713927
607293 31
895906 7
610925 34
719320 27
780049 10
673583 32
959034 16
765435 31
814210 3
778835 28
921209 14
650651 11
677325 36
615031 5
704359 16
909417 20
914174 18
678723 25
965794 2
638128 27
936859 38
939560 17
964678 24
733412 89
620531 8
619663 24
846092 7
843752 30
678719 15
977001 9
660532 14
785836 28
638451 14
994411 12
687905 19
659639 8
868616 16
840373 20
609651 66
951414 14
874279 30
974459 4
944294 12
692426 12
798017 50
904148 31
621382 35
951667 20
801947 52
611331 40
771768 10
863349 3
936274 10
995909 5
871870 5
800101 9
891445 23
914090 13
760245 2
913505 39
637432 49
863066 9
653058 8
914198 7
796037 9
649536 24
841150 6
761510 66
808144 8
625302 29
911104 10
644078 11
779249 8
706984 34
973635 22
791670 23
994579 28
906314 3
882173 67
933855 3
910000 2
788414 11
614446 11
664200 60
833134 9
763761 27
781727 27
826225 13
955324 12
810006 14
738963 54
629280 29
697422 17
618205 2
826046 3
769892 39
800941 16
853269 25
621874 16
766028 766028
632610 6
835913 25
683779 8
782006 3
896903 39
786960 20
840025 3
621210 5
819188 17
618167 25
967169 38
631807 17
890655 4
668740 8
912391 6
819970 7
937594 13
884731 13
740192 57
860261 40
801819 17
823027 18
875751 26
842107 4
741514 14
767436 41
848858 3
816640 5
946596 45
689028 22
864604 22
952040 2
726875 33
970662 14
707452 14
713607 17
871212 15
990741 2
846910 26
671663 11
702024 20
982072 67
810282 20
692067 48
618852 56
818252 2
778150 2
789773 53
800888 8
848881 16
784343 29
799750 20
608901 6
629115 16
991843 26
819923 14
739623 15
924568 31
844484 19
945514 2
976625 15
692846 2
657434 7
865522 25
641162 32
830463 3
916839 13
665473 15
965816 3
617088 5
613382 25
615617 77
874552 2
976025 2
793682 71
930768 24
831580 13
891127 35
851013 54
620749 106
632164 28
856051 12
612905 2
605851 14
682902 23
983655 15
846549 17
825787 3
662288 33
809693 21
838459 43
843112 82
936785 38
809471 60
673317 3
730972 7
913158 4
603805 18
985792 24
989422 989422
815070 64
929072 30
945768 32
941091 14
957520 3
931517 33
992199 11
964326 56
906168 23
914882 9
986689 12
962789 5
936557 72
954643 6
917943 26
957181 14
918019 8
908637 6
972970 6
967853 12
999006 2
949686 23
992852 9
918761 17
908380 4
919083 3
963604 14
999639 9
917366 6
902915 4
925054 59
977190 27
949103 6
997106 20
983051 12
987479 10
965263 19
902114 3
984323 22
911625 31
943076 7
924438 48
997154 5
943806 5
928493 24
990685 5
969639 17
962394 29
996099 38
992521 16
936725 34
948838 22
998871 10
966605 9
913914 8
925590 22
941857 10
910728 14
918581 3
968866 3
904006 38
900757 3
914832 3
989216 23
994862 8
990365 2
978573 17
990221 4
946593 21
908051 10
924044 95
974795 12
929449 14
952351 5
975967 7
942041 9
910295 3
945929 12
985599 7
914735 43
916623 25
958981 25
928895 44
930296 16
952178 48
985769 12
933883 21
906171 29
934421 29
921674 14
953662 43
972404 11
967669 3
992902 31
921114 30
925982 41
904493 9
904519 18
937958 9
944280 944280
904732 37
971345 13
933458 22
995087 30
975659 7
996114 24
914479 9
957363 32
953727 27
993864 25
993239 5
930840 17
927922 3
906146 12
922131 5
978365 3
991211 9
963112 13
970540 54
958110 9
926290 3
988410 38
977765 19
991619 5
967984 27
954828 5
900350 5
921780 11
983461 32
989195 52
956039 34
973031 7
930560 9
951099 28
934880 12
969675 41
982636 9
963467 32
916200 10
952274 8
932245 64
965448 6
988359 2
966335 10
909098 30
964518 3
936756 35
944256 6
993734 26
967431 18
912257 36
946437 3
972456 8
987367 10
995018 47
903452 22
938085 32
901380 16
908123 40
997213 29
993670 17
995735 28
907099 12
946468 38
978105 12
970717 37
939909 36
985023 24
966393 17
908265 7
975668 22
978211 13
922039 22
906979 20
962048 84
935733 10
921886 9
933392 7
926444 24
915546 20
982143 18
988510 11
902985 5
946252 59
941770 19
939140 17
969074 46
985427 56
914256 8
995053 4
983023 21
988683 29
962736 40
902389 35
911652 17
997916 9
908432 21
929891 15
959611 8
952003 952003
995688 24
937003 19
936031 9
903211 29
905771 20
947506 26
981051 138
982865 4
934780 116
971343 10
964773 11
956485 4
989371 2
964991 14
986499 4
924680 29
918811 20
972695 14
943105 16
943581 33
975388 5
988772 66
902092 3
950416 5
998065 9
922869 4
948662 6
965014 17
909864 8
969560 19
966701 13
982079 29
933136 18
961323 61
944303 17
965786 27
939442 35
936273 8
902959 84
908525 4
913392 32
929056 56
919789 14
988682 15
976115 15
931842 25
965638 26
995405 3
963842 17
959782 22
970382 8
988824 9
909811 4
929275 24
973071 2
907492 3
988568 10
915667 2
979054 28
987847 46
958305 7
906362 22
918302 9
911987 30
962384 13
931891 3
966130 16
971553 55
995324 2
972793 2
955489 19
914603 4
973724 12
960069 32
913630 6
985433 23
952354 10
923145 17
908066 16
996509 9
999860 2
955482 2
912901 25
961518 16
988460 17
944095 17
975739 8
960017 43
902873 11
966275 15
926252 7
959660 21
921658 20
902852 50
909351 10
995311 145
930007 55
966423 28
911100 8
900908 900908
916422 7
908722 5
967084 24
932732 3
934886 4
961793 40
966170 4
945585 9
919946 26
959687 15
979124 5
933927 43
978543 18
970820 11
978793 13
960337 20
991264 26
941219 32
933218 27
905623 11
986539 27
968758 18
947152 41
993797 88
964691 19
949547 2
999612 5
985816 6
983341 10
965791 9
938073 5
904327 12
916600 20
941352 15
976405 15
943624 2
909140 7
933510 2
995598 32
968550 17
917818 2
981593 6
962470 3
960034 24
915126 5
972605 3
900284 19
975698 35
990763 8
962331 7
986472 22
976746 3
961660 3
961548 41
968795 13
907876 27
923186 2
970506 7
934958 29
937392 3
977961 2
978923 9
945748 57
921237 5
922996 2
964610 12
987395 19
980727 17
989229 2
985743 19
935451 19
945537 12
930388 2
995643 27
939872 12
986392 33
908636 16
916467 4
912192 11
967719 9
948594 6
905555 9
916533 30
922549 4
906507 27
950061 7
903169 51
924103 36
912618 14
909684 21
929723 6
969772 51
913605 19
908339 5
985608 17
944424 24
964932 14
934488 12
910361 38
961316 961316
978364 10
926095 16
975281 60
988002 71
984569 25
971898 16
940983 17
945462 32
927762 8
906335 17
915490 40
911838 2
974419 8
994931 3
982574 8
906804 5
945757 7
915630 35
998019 7
950788 6
980241 19
937714 49
941592 4
909444 18
988431 7
936243 8
954267 19
905139 4
902209 8
983877 48
918876 36
943646 7
968583 17
928751 17
983513 30
905665 7
989119 4
943154 2
925992 15
974953 13
952743 67
974227 13
964414 12
933782 43
992859 2
967490 17
952001 9
957300 57
957074 15
978935 46
919757 2
958651 27
991788 25
961161 19
987864 31
969199 3
907217 19
969848 11
998405 7
946722 6
965580 7
985310 58
954588 13
959294 3
949309 3
915480 10
960857 4
929730 6
961121 12
904406 10
961179 17
951729 12
912494 14
923309 11
948552 3
967450 10
945309 9
914098 14
942901 29
965788 13
975933 10
992259 31
940929 22
963217 6
965974 12
984661 19
931079 11
925636 3
924823 7
910161 28
940298 33
959562 4
963440 10
999748 25
999313 2
914093 15
921773 4
928279 13
977421 4
1000000 1000000
