1000
1 1 0 0 1 0 0
1 2 3
-4 -5 -6
-7 -8 9
3 1 1 1 1 1 1
3 1 4
1 5 9
2 6 5
1 1 0 0 0 0 1
-70071 51599 -11890
90263 -55391 28255
80850 -37750 70789
1 1 0 0 0 0 1
26757 10322 12999
7982 -7658 62016
-66849 49848 -66446
1 1 0 0 1 0 0
87398 -46372 -8677
-27672 -70750 -13488
-75118 91430 92695
1 0 0 1 0 0 1
71263 20598 -83467
25892 -52726 -10130
43143 -88442 37516
1 0 0 1 0 1 0
36641 -39958 -22762
-69173 77811 -4203
-2894 -17894 88456
1 0 1 0 1 0 0
-39491 -50749 -88519
33621 93261 74539
-30207 -60056 58508
1 1 0 0 1 0 0
24893 -48190 95413
10330 46706 -77084
37337 -90577 -44777
1 1 0 0 0 0 1
-35520 97998 -85360
91751 45346 -61725
-28958 80807 60432
2 1 0 1 0 2 0
-7944 25599 -26072
6345 83418 -96885
51147 -24192 -72631
2 1 0 1 1 0 1
28380 -87091 26037
-75237 61001 -20172
64318 30716 7321
2 0 1 1 1 0 1
20506 24049 39637
-75815 38029 54997
-49310 -75755 9201
2 2 0 0 1 0 1
52621 46147 48972
-21483 -84389 -57141
-2401 11900 58048
2 0 2 0 1 1 0
-9277 -66900 -41391
20925 28607 34324
96325 -34318 80373
2 1 1 0 0 1 1
-88157 -47657 18538
-92279 -61738 -23765
81912 -27223 -43439
2 1 1 0 2 0 0
93767 -43945 95038
43927 -10462 -17307
-67397 -33958 14157
2 0 1 1 0 2 0
-93376 99286 79821
-25319 14058 248
5887 -69592 35731
2 1 1 0 0 1 1
46564 -92643 -68342
-91881 -50698 -62895
-22920 32663 71215
2 1 1 0 1 0 1
-36457 84129 -42682
-82277 85834 66614
-70966 -74867 -91126
3 1 1 1 2 1 0
2906 85857 -57990
50453 80172 -4493
35058 -13277 9044
3 1 0 2 1 0 2
-90282 -47563 -29639
-56702 -84021 -30374
33167 -30522 3342
3 2 1 0 2 1 0
89517 -83504 -71433
92158 16432 -32640
72758 5289 13762
3 1 2 0 0 1 2
-99906 -5688 66951
96296 60889 -4063
77892 -69889 -74841
3 2 1 0 0 3 0
33878 -90343 -28234
-90289 38746 61483
-84154 -74715 90300
3 0 1 2 2 0 1
-34037 -34606 -58476
46991 63485 -27025
27861 -20242 -35105
3 0 0 3 1 2 0
65562 -2605 -61867
99111 -57463 23858
58610 96487 19288
3 0 3 0 0 1 2
-40199 -11304 8620
49815 24451 38344
81914 3066 -75267
3 1 1 1 2 0 1
-52435 -729 83907
16995 -94028 74454
85515 38383 -24890
3 1 1 1 0 0 3
-63581 1243 6590
-13632 -72222 96400
-3444 -42980 -97270
4 2 2 0 1 0 3
-5182 -52888 -47586
-1198 35158 -54346
-40589 50929 36562
4 2 1 1 1 1 2
79838 -38782 77382
49041 -60136 -77937
84376 98895 -89127
4 1 2 1 1 2 1
-38326 15258 14537
67724 59511 -73273
52833 313 97194
4 2 0 2 0 2 2
70300 15355 32014
-22913 -71513 -5473
-38789 -16943 34331
4 1 3 0 0 2 2
-2363 -29605 -12372
78680 84604 -21571
-88293 -56784 54750
4 1 2 1 1 1 2
40242 -28972 -78889
76836 -61227 -29177
-27420 41017 55050
4 0 3 1 3 1 0
34355 6739 85713
67812 99232 69457
1789 -52016 -93343
4 2 2 0 1 1 2
-54279 93589 -39311
94533 -71329 11683
-45260 -57152 -89355
4 0 2 2 1 0 3
-91694 29481 65752
55902 73423 10359
66031 43514 -45251
4 1 2 1 3 1 0
-7845 -33600 84813
47493 -32581 55171
89782 70087 70140
5 3 0 2 1 3 1
20662 -4415 1005
-61621 55917 85153
-14668 86888 -44589
5 1 1 3 3 1 1
89440 -2863 29705
72705 81030 31241
-98516 83206 -14923
5 2 3 0 1 3 1
-20478 -37737 -33228
-42967 48991 52054
39269 2325 26566
5 2 1 2 0 3 2
6822 -69283 -2378
-74440 84326 8221
-36829 30297 -52642
5 1 3 1 0 2 3
43193 83623 -60984
-56255 -10390 49598
83072 -84909 -49663
5 1 2 2 3 2 0
-68622 30842 68549
6192 50862 48641
56150 -52643 -64578
5 1 2 2 2 2 1
99745 -1015 39632
47603 -20054 -12983
28025 72987 -63117
5 0 3 2 2 0 3
57364 29639 27047
28591 -73978 45491
66931 28363 556
5 0 3 2 1 0 4
-24704 4030 49692
53276 14466 -43967
-22053 80616 52171
5 3 1 1 3 0 2
5656 -76207 14343
68263 -88511 51525
-74864 -8192 87110
6 2 1 3 2 2 2
72021 37753 86859
57434 -60549 -72004
4505 47180 59651
6 1 1 4 0 3 3
52302 -86014 -18351
-30819 -69694 -95345
-12864 -62714 58802
6 2 2 2 1 1 4
-347 -55581 48723
-18583 -29093 18773
-20571 -97190 -17573
6 2 2 2 3 2 1
22759 -78585 88449
-34694 88293 70107
80288 45959 -89742
6 2 1 3 2 1 3
23363 -81923 65370
47076 -39506 2927
-18159 87844 55393
6 1 2 3 2 0 4
29964 -91935 22688
-19519 87095 -52010
-86583 41805 -96679
6 2 1 3 1 3 2
-8316 9453 89299
-86080 -80593 -84022
-27366 92635 -21627
6 3 1 2 2 1 3
-6623 -16620 71336
87310 -25605 -8822
-57159 -15382 29880
6 1 3 2 0 4 2
7360 34450 -70819
85366 -55512 94892
-52992 -2803 3582
6 1 5 0 1 1 4
3887 95101 24750
71534 13298 -57270
-19354 92769 61640
7 4 2 1 4 3 0
9800 47881 -52070
44696 -39097 -13841
-11807 -3585 -97210
7 0 5 2 1 4 2
-5779 93717 22655
-7089 84396 62378
-31361 -32941 50595
7 1 2 4 4 1 2
69900 -55279 -53600
-9418 26559 34345
-47491 -43912 -29440
7 2 4 1 6 0 1
-34094 -89841 -39641
-19924 41777 -79414
-54008 -12405 84063
7 3 2 2 3 2 2
82349 -66547 -72989
2128 -22687 33770
93360 -163 -41533
7 2 3 2 4 1 2
-29462 -54351 -77682
-37216 57985 16097
-6068 91684 75291
7 1 1 5 1 4 2
-80767 80865 96245
38406 63322 44296
-4547 43279 -41685
7 3 4 0 1 2 4
19407 -12395 -90247
25556 72195 41955
69614 23295 37559
7 2 4 1 1 3 3
67805 -6645 -69225
54957 34659 -2453
-13206 52894 8045
7 4 3 0 5 1 1
-1632 31546 30116
-38648 71507 83963
-27152 93127 -52513
8 5 0 3 2 3 3
1422 40572 -11975
74629 26170 61748
-34054 -12740 -19240
8 4 2 2 2 6 0
-70059 85767 63251
-39911 97219 25501
-73924 37592 -51005
8 2 4 2 3 4 1
-80744 -14443 -7018
-56877 -4782 81367
-56326 -31796 -12583
8 2 3 3 3 2 3
-57617 -52394 80679
69267 34018 99765
-55059 -53128 65259
8 4 4 0 2 0 6
-37747 -58187 -44112
25708 -80563 68490
-96901 24027 12559
8 1 5 2 3 1 4
70318 23528 -51170
88829 17427 74546
88598 94826 44518
8 3 2 3 1 0 7
45811 91973 90767
5992 627 -92098
91815 -57328 -63153
8 4 2 2 2 4 2
31344 -44623 -9877
-67956 -97346 93479
2293 66974 -41088
8 2 4 2 3 0 5
-91886 12983 -51465
49882 -92961 97875
27610 10572 81842
8 4 2 2 4 1 3
98680 62307 -13186
88007 31149 -12067
-6591 15057 -62723
9 3 4 2 2 5 2
-69117 -37300 44052
-82047 70739 -80161
-2063 -61894 -99626
9 3 2 4 5 3 1
-64736 92949 -27457
63404 20468 -67148
98529 92800 58033
9 3 4 2 3 3 3
-96396 -41071 51622
85878 98224 -66466
92484 -22547 21249
9 3 6 0 4 5 0
30448 82665 20595
-98246 -82535 -76446
61479 -25874 39648
9 3 4 2 1 5 3
-19339 -8685 43882
-86661 87357 -35044
12503 6935 -15429
9 3 3 3 3 3 3
-94791 -36804 61831
14188 26608 97360
-73066 2633 67821
9 4 2 3 5 4 0
-11781 54401 -4135
-34484 -71735 -34839
61523 55272 -68648
9 3 4 2 5 1 3
95271 89694 30056
16754 48233 55441
-82555 70326 -43438
9 2 3 4 2 3 4
99274 95461 -7670
-14701 29130 63236
-60994 72979 44309
9 3 3 3 4 1 4
-10794 86131 -40996
-73578 -14666 -74901
51420 83826 84209
10 3 1 6 4 4 2
3676 84910 86576
-7705 -16796 18871
689 86040 87669
10 4 2 4 4 2 4
10195 31538 3252
21032 -60491 99525
96474 -42156 59362
10 5 3 2 5 3 2
41352 -88006 92045
-51057 -88878 48935
-47448 84284 -83567
10 4 2 4 1 7 2
94537 -69787 38817
79363 -84268 -21328
-93820 45462 -93325
10 1 8 1 4 5 1
67505 -69356 8629
90527 -33510 -18874
52163 16849 59777
10 6 2 2 6 3 1
-71813 84476 -26728
39490 -75613 -66922
-38629 -32266 7081
10 2 5 3 4 1 5
62973 81616 69416
78631 47524 96730
-87560 -34579 -80363
10 4 3 3 3 4 3
-81598 -85546 22028
-87825 3835 -98530
-16279 -42098 86271
10 3 6 1 4 3 3
19251 97457 77880
-89832 94888 -56617
87306 -24476 -16795
10 3 3 4 1 4 5
-56383 48722 -88712
-16065 -90114 -80101
-53260 47438 77740
10 3 6 1 3 3 4
85716 79856 -54181
-88409 43741 81508
-71642 97640 42252
11 1 4 6 4 7 0
-97105 75517 66878
-44993 -89230 83870
-28664 -8439 62642
11 3 2 6 1 3 7
-86845 58491 -78236
-85867 98925 -31646
-26563 -42022 -60417
11 5 2 4 2 8 1
94506 11063 97521
-672 41573 49687
77923 -96133 -18873
11 2 2 7 4 5 2
-13657 -30617 2181
-73282 -39610 97734
61225 -9647 -73392
11 2 4 5 3 5 3
-31727 7092 -30029
89929 -68668 64678
-61919 12326 -37950
11 3 3 5 7 3 1
53231 90357 -42309
45098 45399 11443
-76555 16885 25226
11 3 3 5 7 0 4
-81916 -78330 62205
30370 -40574 80891
-19237 -64518 -71077
11 0 11 0 8 2 1
35679 27868 90481
-8524 -24811 -99899
74822 -97943 -1647
11 5 5 1 4 4 3
19411 -83484 -57164
-12557 91070 74873
-62753 -38032 76250
11 4 4 3 5 4 2
95932 -684 94074
-96736 62502 50542
-58601 -67432 65216
12 3 2 7 2 2 8
-37435 42917 13375
6301 30828 3380
70875 23524 -86915
12 1 10 1 3 4 5
7808 -35197 44663
4960 41648 -30917
49423 18751 36799
12 2 4 6 8 1 3
-76796 -23424 8775
74513 1804 -98076
67045 46479 32158
12 2 6 4 1 7 4
9624 86347 99417
12854 15231 81688
-19444 -47636 32370
12 0 8 4 9 0 3
15458 -56496 95647
-61865 -80175 49842
93095 -1586 23445
12 5 5 2 9 1 2
-19718 -87995 -15440
54700 -76870 3186
-84114 23782 15008
12 3 3 6 3 5 4
34080 49152 12832
20247 -38006 2437
-46031 -48640 26705
12 3 5 4 4 4 4
64132 79303 -24630
-8859 55082 99847
78139 -73706 -37784
12 4 5 3 2 4 6
-75970 -51102 81995
-88333 99521 94844
65488 91303 -80266
12 1 10 1 2 6 4
5916 1254 -88712
-92139 42355 16489
83046 45445 -70864
13 5 2 6 6 3 4
81624 34503 -33769
-21642 -9202 88114
21635 19187 -26494
13 4 4 5 7 5 1
2848 -59085 85025
-24762 97329 60601
3336 -12819 -45886
13 6 4 3 8 2 3
-40827 95106 91956
-74465 -84246 -88407
-75813 -49002 -15042
13 3 5 5 5 3 5
-44869 -60862 53537
47050 -17823 -20606
55600 -35949 -42031
13 10 3 0 8 0 5
43680 35639 39046
83351 45810 18376
61724 -75502 31472
13 1 7 5 0 10 3
20109 36858 39261
-99877 91181 -86208
57360 2556 -57522
13 9 2 2 2 6 5
5291 -26254 -85908
-46570 -84594 -2102
12759 -44171 51996
13 6 4 3 0 9 4
-22658 51489 61031
18492 -54934 -19866
36202 -23644 12471
13 5 5 3 5 4 4
-4023 -94381 -98039
-67322 -89446 -5259
26970 -94823 -72652
13 6 4 3 6 0 7
-25792 -10455 -61458
-62695 -54003 -5982
2803 87457 14334
14 10 2 2 4 8 2
-7036 58127 -79800
4525 -57966 61117
-61342 -7240 -83295
14 6 5 3 8 4 2
45391 -52035 28567
58037 -52945 74794
-97468 28038 45647
14 6 6 2 5 5 4
64407 -38618 4013
-25829 18274 61983
33914 54215 -36366
14 7 1 6 11 2 1
-14240 63119 -10011
49352 80646 90708
-4763 -67844 41890
14 2 10 2 3 9 2
-96046 -15491 -86019
-46232 28171 23209
48915 -36097 -41495
14 5 8 1 3 6 5
39671 11447 -37938
61954 -30504 84920
-9642 -41158 -82786
14 4 7 3 5 4 5
26390 -61731 -61978
-84125 41527 -51840
30310 -3642 67260
14 2 7 5 3 7 4
-58505 90815 -74208
-57682 -1707 -77054
27869 22383 55711
14 5 5 4 4 5 5
-40371 -96744 -79082
-77892 10451 -98694
51514 -89241 7557
14 1 5 8 3 6 5
71523 -30351 58452
2140 -55974 -80895
-81210 18731 20409
15 7 6 2 15 0 0
-19794 -80314 -23348
-41861 20081 53415
-90599 4842 -98856
15 8 5 2 5 4 6
87590 -7640 -59466
36270 -42331 -50503
34016 19696 -95487
15 7 3 5 9 5 1
-90105 29883 -40805
49479 -64553 65807
-35955 13027 45215
15 10 4 1 3 5 7
19807 32528 -20802
-69227 -73821 -89916
-77584 -98637 44398
15 2 11 2 8 4 3
-47549 -66878 -51437
-3033 63610 -78583
46525 -7387 -83225
15 5 10 0 5 5 5
33715 -60678 -77502
-24115 90176 -27409
74188 56458 53335
15 4 8 3 7 3 5
-35814 95794 44746
33226 -93391 -99210
37480 -41861 66918
15 2 5 8 7 5 3
43254 94666 -7068
14113 2830 28413
-40688 26818 -12531
15 8 6 1 7 3 5
37055 87875 94521
26314 -24101 9299
-4182 -89110 47757
15 2 9 4 0 0 15
-27744 40132 -32318
-81065 56225 -98586
-94037 60074 -86304
16 3 2 11 2 4 10
55292 68667 6853
-66303 -77584 18089
-38721 -24784 56259
16 4 9 3 7 1 8
59757 -88492 -39968
23046 10434 -41377
-21775 -26426 -92110
16 8 7 1 5 8 3
-20204 -84022 15417
-31545 -10837 67972
10128 66567 -56492
16 1 4 11 5 3 8
64998 47240 -42583
-82288 43268 -33101
-35747 45355 -1946
16 8 4 4 6 4 6
-39626 92996 85463
-38218 -30333 -631
23038 -94262 10531
16 1 5 10 5 5 6
43838 -26266 -83450
3931 44713 -16171
8992 95142 -22918
16 7 4 5 4 4 8
63299 -19496 -21306
-13570 -82470 63151
-72026 -48795 31260
16 5 4 7 7 1 8
-50157 -62898 19834
39408 -48355 60998
20579 -70480 64989
16 5 9 2 3 7 6
37100 60118 14146
-36736 -5414 34055
89336 -27996 56249
16 5 7 4 10 1 5
-24653 -70232 16754
-29464 -89341 35473
-39780 -84240 -90237
17 4 2 11 6 5 6
44385 79702 -73618
2829 -61386 -25710
47336 -4424 -65132
17 4 2 11 2 8 7
-60521 44842 37859
-7921 -94327 59438
-79017 3902 -4335
17 6 6 5 15 0 2
9817 -43936 45566
79946 43169 24242
1220 28498 -59064
17 4 7 6 7 8 2
77196 -40577 5290
-7091 -22118 242
21349 -1961 87562
17 1 9 7 1 6 10
51319 51865 12948
9732 17673 554
56536 20034 3802
17 5 1 11 6 3 8
-67945 -89793 -57573
92181 83563 -35240
-85054 -94879 -92882
17 5 7 5 0 12 5
-48359 81652 -26330
80723 28132 61423
-93221 59328 -17046
17 8 5 4 3 8 6
29226 60002 69471
23276 52087 -48077
82904 77839 19821
17 0 11 6 6 0 11
905 -37972 -20647
-8371 -23098 -83038
68518 -97842 -90496
17 7 5 5 6 0 11
79244 -99590 -66605
95923 -98379 60554
26634 576 86564
18 3 12 3 5 6 7
32582 -12175 -81449
-26259 24389 3279
-22152 -29204 32461
18 4 7 7 10 1 7
-51000 -74185 -67863
-1820 -88200 3641
29802 -85 98930
18 5 12 1 6 8 4
-92625 -89256 -12911
-57830 14932 86617
-62843 -85069 87152
18 3 8 7 8 8 2
-67121 -48940 71863
41223 4126 88215
68648 -89102 28940
18 4 13 1 4 6 8
-70282 -19586 -35431
60626 -57916 15489
39284 -97807 14736
18 6 6 6 6 6 6
-94800 93557 68397
91247 95659 -80453
98203 64666 61301
18 9 7 2 6 6 6
17500 70100 -88589
-55701 -55372 47916
5919 -26755 55876
18 3 5 10 9 4 5
-44929 -24851 -77981
64894 80629 70650
98011 -97163 -61425
18 7 6 5 7 3 8
-92256 6293 -52601
2777 -3054 8790
57988 -49505 -58205
18 3 2 13 1 12 5
-97090 -65367 34886
-73471 35744 83898
-97162 -68657 77156
19 10 4 5 1 3 15
-58934 82492 88722
-90266 -23681 -71004
10498 54362 78234
19 8 4 7 2 2 15
-88558 -78458 -82723
50548 -20394 -47383
-5208 -69883 -72987
19 9 4 6 16 1 2
59418 2841 -77800
-20728 46829 -10558
48607 -37927 -19100
19 8 4 7 3 14 2
-59661 21474 -30508
-76578 62145 -6772
41893 -60469 -98371
19 7 9 3 10 5 4
-36222 79707 -89021
-75456 96396 -8661
43212 -38960 98187
19 9 1 9 8 5 6
85519 97853 -73790
-21814 -37654 92187
30829 -15834 62394
19 9 7 3 5 9 5
-58161 -23911 -15653
-91078 96595 -90223
-83025 32020 26129
19 9 6 4 5 8 6
-17152 -57783 -81246
-50791 80903 -37318
-38072 -7630 -82802
19 14 2 3 4 7 8
-74298 49378 -96223
-78024 -39151 10265
1111 -86481 -66559
19 7 0 12 3 11 5
-75926 59260 -37004
13575 -12223 -37014
-7368 -38488 -29693
20 4 9 7 2 11 7
11774 -71119 35584
13793 44403 -17792
62984 19501 79285
20 3 3 14 2 16 2
31414 -44538 2680
-86735 66961 54141
-92582 15976 53461
20 7 4 9 11 4 5
98841 -42621 23572
95427 43684 -11855
-55465 84530 73269
20 14 1 5 3 7 10
-10321 51839 -20188
-50539 -10044 66558
94258 85754 63010
20 5 5 10 9 2 9
53052 -50846 75939
-28616 -18149 -92598
-9323 7258 35698
20 4 8 8 8 3 9
56072 86543 -27433
-28979 91660 -68557
-58031 -65666 63121
20 1 8 11 11 6 3
55846 92312 -30492
-36427 1765 65063
-25272 73957 -97213
20 6 10 4 6 8 6
49927 18426 -41766
-19359 -4033 9118
-91881 48409 79662
20 6 9 5 10 9 1
-85440 49516 -12405
23535 -84443 -94697
67527 91387 -86328
20 20 0 0 12 3 5
97110 80138 81390
-48784 9026 82984
-60701 -2009 48474
20 4 9 7 7 4 9
-22054 -13079 15906
40261 -26607 42283
-66539 64489 -72348
21 7 10 4 5 11 5
58094 550 83622
41127 90085 -54671
-15073 -11524 31579
21 7 5 9 3 10 8
75149 72647 -83866
32598 22185 67313
3025 -90201 -89106
21 8 6 7 5 4 12
-26 8806 -62921
7651 35869 13818
90030 94924 67918
21 4 8 9 6 14 1
26450 -65919 77829
38722 -10879 15609
-93296 35643 -61986
21 11 8 2 10 10 1
-33329 70544 77932
23115 55842 27730
9200 -32855 4267
21 1 14 6 14 5 2
60459 -63997 -72680
-68284 -94055 -45043
41073 -38905 -4432
21 12 8 1 8 7 6
72511 81136 33287
18798 -63507 76748
-14117 89128 -3020
21 9 7 5 2 14 5
-57700 12006 -51084
-73724 -44134 58858
-10258 5139 -46092
21 14 2 5 12 2 7
-37128 72410 60765
-17599 17815 -78978
-90306 -97586 -38939
21 9 7 5 5 7 9
-38829 82759 -10596
-18603 -68275 -83816
-92216 23977 90638
22 14 7 1 4 10 8
57772 53098 55910
97373 6389 81242
59685 68941 -14244
22 3 3 16 6 4 12
-69622 -83048 -92020
-43791 -25907 89496
89286 30165 35163
22 7 7 8 4 17 1
-95896 -31782 -34401
99906 -77207 -93297
-48601 -94231 -70567
22 9 3 10 5 9 8
58250 -84454 -72358
3504 -46000 -90050
-86082 70231 13575
22 7 10 5 10 5 7
-95261 -13008 -19918
39173 32940 43005
28636 -70225 11769
22 4 5 13 11 2 9
92131 45856 80372
87053 -58355 57744
3558 -29265 -70539
22 1 9 12 7 6 9
12455 -80546 -59172
1378 -36599 85454
-1523 90502 3074
22 9 5 8 13 2 7
59738 -72842 -41072
-93772 -89257 -92651
-14920 -58063 35743
22 2 14 6 1 7 14
41915 42933 97296
-32368 34172 -91446
-73056 -38645 95149
22 14 8 0 2 2 18
4862 92281 -15442
-82344 -95740 25690
-40686 -98242 93284
23 10 1 12 1 17 5
-26840 50349 -68040
7321 -67704 -28296
-55863 58152 -76865
23 8 7 8 8 4 11
-18781 -88917 90764
-7647 -75136 98195
42911 8818 85128
23 3 8 12 8 5 10
-81369 13268 -50403
80172 80149 96767
-68373 -25040 -64761
23 3 11 9 11 7 5
56422 -21668 72310
78165 -3978 -82255
-29539 -76572 -83259
23 11 7 5 7 11 5
-61640 -37742 11947
15163 38219 35531
85905 -55461 -3264
23 1 5 17 9 9 5
62302 82968 22655
82875 65538 40754
67676 -92714 18056
23 12 8 3 4 7 12
91011 -75212 97186
2703 20143 14767
-82439 -84268 -93395
23 8 12 3 4 9 10
-42661 -56565 83328
10904 85765 73080
-93657 9958 -65464
23 8 4 11 9 9 5
33791 -43082 28427
82921 -67270 -44314
-26482 -82296 -48904
23 0 9 14 0 15 8
-90440 60527 -55965
-10152 57501 -99712
-94180 -84850 38555
24 6 9 9 4 14 6
-99384 -85545 78521
-24073 -7214 -90736
46707 54727 99276
24 11 3 10 9 5 10
-10424 -57320 -48266
44441 85817 -9926
-77790 10986 -58172
24 10 7 7 19 3 2
94791 80956 46259
-79112 -10514 97661
-33914 88665 -68664
24 1 12 11 15 6 3
12566 -70216 -71699
-68068 92334 29563
83122 -10243 31625
24 7 4 13 19 1 4
54127 41633 42311
-52771 10687 9572
-91440 -59153 69994
24 3 4 17 4 1 19
-44582 -3392 13066
-10628 -92324 28655
4900 -82810 19482
24 9 10 5 6 7 11
18178 83776 4331
-45989 52145 -49447
-35173 20041 -32695
24 3 13 8 6 12 6
-84251 -89019 67910
73438 38892 1099
-38657 -51400 99875
24 4 7 13 5 14 5
2409 -41114 -38314
34819 -19154 -28630
64887 -82648 9424
24 11 10 3 11 9 4
-32621 22747 -87705
-31269 -34274 98452
43823 63013 77211
25 8 12 5 6 9 10
-4655 -87233 36825
-78460 -10640 7348
63701 28692 -47814
25 1 1 23 2 8 15
98585 -27800 -67753
-93831 99352 -26674
-88361 -2721 -67434
25 1 14 10 14 10 1
-41221 -59846 70556
-8119 45153 -2228
67363 -12232 -12016
25 4 16 5 7 9 9
90969 74867 -25820
-66583 -89343 -46722
-75611 -97719 74222
25 5 17 3 2 14 9
58225 -56045 32898
68617 -33419 -73307
21851 -32209 -70711
25 12 1 12 2 12 11
-65215 -22453 3566
-38055 34352 -95954
15986 27243 80596
25 3 10 12 7 8 10
-40175 -80764 -419
-75054 -7141 60846
2359 -28270 -28026
25 17 0 8 9 11 5
-33429 6277 47989
11590 -25579 -46477
-1140 50025 -67591
25 10 9 6 3 8 14
-49221 -99491 59844
91814 -32600 25521
51601 -54949 93395
25 11 6 8 4 18 3
-974 42152 -4685
64907 94352 -19748
27611 99891 95093
26 6 13 7 11 4 11
45201 -1022 56293
23026 27438 -21733
82129 25786 -63729
26 4 13 9 12 14 0
69601 -15400 -89179
40349 -64667 -83994
86941 99288 39370
26 9 10 7 8 10 8
-28712 -78872 68905
94378 -87466 59046
92624 -32064 -51843
26 10 4 12 14 1 11
-196 -14193 -37543
-63646 -26695 -48855
88010 10371 -53248
26 13 1 12 6 13 7
75723 -30783 73782
35925 -91003 41376
-8450 -40830 37076
26 20 1 5 9 4 13
-15541 93007 -61542
87367 -78088 -58160
-87092 -82843 -42378
26 18 3 5 0 15 11
84550 9853 -56694
-68961 -21205 4230
99236 62206 -42716
26 3 12 11 6 11 9
53008 -15905 11902
-52996 -40868 -867
68785 -99486 60069
26 11 12 3 14 9 3
-14888 -6216 -73701
-61558 -74467 -50992
43300 6725 -65789
26 14 10 2 8 15 3
-91698 9386 -48198
-88524 -35115 -65272
-84583 -2483 40126
27 5 11 11 15 4 8
95964 64745 955
85804 85760 43803
1284 79284 -15590
27 9 3 15 4 8 15
-67362 16948 -95700
-99532 68343 -20441
-94616 -51921 9859
27 9 2 16 16 2 9
-11621 6829 43988
-80980 47915 -57350
2094 -57808 50300
27 9 18 0 13 7 7
12491 -14757 79534
-50208 64142 -5444
91595 8002 -73451
27 8 7 12 5 7 15
-26181 2627 -37036
-28762 -2780 -34619
61279 -98639 -42823
27 13 7 7 0 15 12
-16972 -92244 41938
-91463 32325 -65471
81715 -66527 41029
27 3 13 11 18 8 1
-78649 57026 -16911
-13049 89735 84582
-79277 -86709 -66120
27 2 16 9 7 13 7
-26874 -89253 7398
-69888 80952 19606
92178 -15995 -90480
27 11 8 8 12 6 9
52236 28939 63614
23438 63507 26700
-36383 53732 49895
27 8 14 5 3 2 22
-5123 -28990 -7277
34997 48744 -70925
-10043 -42940 -13059
28 9 1 18 9 2 17
55922 60022 95404
-36268 -86686 1326
-86379 -29309 46841
28 14 9 5 8 7 13
75242 -96859 -94226
2021 15762 -20008
15620 98322 15774
28 1 6 21 3 6 19
43415 25701 30662
12125 18083 17275
-15383 -59742 73245
28 7 6 15 10 9 9
-39101 -26631 29219
81081 72176 -3228
-36555 25349 -82789
28 3 10 15 17 9 2
-21522 -83324 18877
-64449 34692 17612
-34606 -50194 -19092
28 4 9 15 11 6 11
73404 -17680 -71464
92520 78189 83940
88528 52543 5573
28 5 10 13 1 24 3
-44709 57718 -37983
26665 -58166 -43701
56827 -54297 85297
28 11 8 9 2 19 7
2603 72645 63675
-43354 -2134 2020
-32716 -47244 -47896
28 13 8 7 5 9 14
-13828 51718 -26218
-15813 26672 -26717
46865 -66736 69658
28 9 16 3 10 11 7
55710 -17504 88286
-52987 -57706 44544
28726 4067 -1007
29 15 9 5 4 21 4
77207 -14689 59646
-48170 77417 -66984
-11219 52385 46694
29 8 9 12 16 3 10
-8980 76597 -89442
-99520 -7436 37294
-68813 -63934 -4204
29 17 1 11 1 22 6
69039 79068 -94824
34330 -12406 85828
-95050 -51811 -30401
29 2 17 10 9 10 10
-42509 46390 -19559
71154 65547 -20929
-54017 89190 -27539
29 15 4 10 14 8 7
48733 28468 -9320
60772 -40631 66095
-29940 87321 -47483
29 14 12 3 8 1 20
-51857 -93399 92778
61224 76920 -14566
45299 -17112 31609
29 7 10 12 1 6 22
61254 40479 69355
-86232 -25759 65850
31321 61379 -24992
29 13 7 9 11 2 16
41307 -90602 61415
99757 -83610 -40044
-42651 20823 -70732
29 10 15 4 11 10 8
35830 -82712 -19882
-39746 29979 -36851
-87155 76407 9332
29 5 23 1 5 14 10
-39538 15288 70623
-74110 46462 -57605
-72745 33873 94773
30 12 10 8 7 16 7
60345 55826 2406
-7541 64953 -99823
-55540 -10365 -83100
30 11 9 10 2 14 14
-70332 22079 19161
2811 -73452 -70421
18983 -37170 47064
30 9 11 10 17 6 7
-83447 14635 15390
-64988 11493 -1615
91385 51999 -26322
30 11 12 7 9 13 8
-24302 20706 47409
39187 -75838 -91606
55695 -87838 -5920
30 11 13 6 7 22 1
-80934 -30656 -64845
-90895 -68487 29320
-40880 31277 -71266
30 9 5 16 2 17 11
14559 -30519 -90194
96313 57238 -49656
-72676 5520 -21451
30 17 13 0 4 12 14
79787 52241 77314
-21492 58576 -94910
20180 -85560 65388
30 6 8 16 19 8 3
82997 -98655 20640
-6474 60043 24467
-6579 -61857 10927
30 9 14 7 13 16 1
7926 -60482 -97298
-27924 50300 -53383
-52653 -26819 59259
30 18 3 9 1 7 22
48041 -83698 74827
-47276 -82590 97540
-66229 -41425 36087
30 9 20 1 11 0 19
23007 51353 -21816
57051 -12991 92294
-38745 82879 32585
31 14 11 6 14 12 5
-95274 40781 -17884
-85989 -14239 -7567
-12402 -32994 -71977
31 11 12 8 15 14 2
43180 -64772 -77538
-72321 -7084 21919
55605 75873 -70486
31 1 22 8 16 3 12
566 62110 -80258
-773 -2638 -31814
-5494 11934 -17859
31 2 19 10 13 6 12
8717 5496 43137
28117 -54821 -31525
83502 52421 90607
31 15 1 15 11 15 5
-20648 -34231 -80616
-23293 13423 58057
85270 -821 -55823
31 0 18 13 14 17 0
-12540 -21301 -46510
74766 -27040 89736
-66430 -54515 87444
31 10 9 12 9 17 5
-31566 -98443 -12635
18590 -60545 -45555
73814 -9454 -36750
31 12 19 0 8 16 7
69432 -23182 -60981
-51013 -18659 -99994
-27298 -71616 87314
31 6 22 3 5 11 15
-57017 -93937 -82300
71048 -15447 42945
-22118 81284 90960
31 3 5 23 14 15 2
58768 -6055 -79535
-84403 68112 11459
81028 40399 31877
32 7 16 9 15 8 9
47586 -27976 -76118
14548 13680 -52397
-65379 39768 -69260
32 4 4 24 8 15 9
-68495 52749 76907
-13236 -28268 75598
-91077 -77665 -17153
32 2 17 13 2 13 17
91978 -55529 97765
33236 -41294 98379
74111 7570 -61228
32 19 3 10 12 19 1
91342 45591 -3494
-62636 61737 -88303
-99594 -50926 96524
32 11 11 10 13 10 9
18248 21185 -82935
2246 -16256 -70247
27194 67059 -10342
32 15 9 8 15 16 1
-53853 47623 54256
45374 -90123 95703
72528 -35743 1387
32 12 13 7 0 25 7
-91213 -22708 25190
-76828 88994 -34306
61109 -11575 -20857
32 4 13 15 15 2 15
77826 93714 59623
-23686 77999 70286
46693 -88554 11114
32 10 20 2 12 11 9
90691 85545 -54081
64937 14518 54686
1907 11735 19142
32 8 13 11 12 12 8
1318 17985 72739
-97860 61197 -27100
-24949 87110 -71300
33 2 16 15 10 11 12
14046 68819 33277
86788 -32548 -28382
97140 56914 -73794
33 17 16 0 12 11 10
-55490 27763 -15412
47903 -93418 -37371
53995 75937 76837
33 9 10 14 23 6 4
-1397 -96446 22397
71918 68448 33460
76461 -87152 85922
33 7 8 18 4 19 10
-45079 28423 65614
-32663 85507 35881
96281 -30630 36585
33 3 8 22 8 9 16
-81594 66913 -29214
29868 -44135 50932
91946 -50729 -30481
33 16 4 13 18 0 15
-16303 46069 -73729
-19818 -34837 50859
42202 -73393 -78884
33 9 20 4 4 14 15
-6184 -9147 -91770
-58348 24179 49567
-90950 1884 -10099
33 3 4 26 3 18 12
81188 -26073 -68021
91944 52309 -20474
-33725 -9210 58054
33 23 5 5 14 12 7
-33487 81656 69468
-17583 56509 41384
10512 53253 -96344
33 16 16 1 7 15 11
-53643 66366 -64686
51460 75061 -99285
-94384 99461 89049
34 15 15 4 3 14 17
46579 45437 -2026
10614 11575 -51326
-43904 -59950 -81521
34 14 8 12 21 12 1
-64495 -10641 68874
63513 1557 -41692
-69250 -77284 11828
34 1 32 1 12 10 12
-9100 77934 -79546
26748 63089 -8850
98160 -92996 34937
34 21 13 0 11 9 14
65772 36056 50965
197 98142 -85105
-44109 -5578 -9790
34 2 16 16 13 8 13
-17365 -36781 46675
16968 49523 -40566
50295 -5096 -40762
34 3 8 23 10 15 9
-49089 -66579 -28382
1385 38380 -34886
-94737 -87866 -63070
34 3 15 16 13 20 1
-88348 -61912 20435
22058 75178 -36200
86091 42772 65164
34 8 25 1 17 7 10
89317 -29919 77893
62487 36194 41665
20532 -80613 -34340
34 21 1 12 28 2 4
20694 -59241 -40382
72162 -93068 35244
-85336 -99635 -92334
34 19 15 0 11 17 6
62018 54742 44065
55397 -74642 27379
36734 94937 83516
35 12 3 20 14 16 5
-83660 -89310 94016
32722 -37386 -41087
41380 -74240 -3445
35 1 15 19 16 9 10
6358 -23040 -29672
84522 -82106 55041
41070 9016 -80575
35 9 19 7 6 21 8
10087 -81252 -49758
-65234 -79982 34006
-81570 -24118 76998
35 15 9 11 29 5 1
-60910 -60071 -67735
16492 -27071 -27961
-20098 43526 -18846
35 34 0 1 7 8 20
-8724 -20335 -58347
22116 -6159 -58538
-91873 -75873 -90470
35 24 7 4 2 14 19
21362 64202 -84406
-76291 93566 91453
-57003 -78999 -52671
35 10 25 0 20 7 8
33132 -61797 63349
35677 3680 25483
-41296 -73936 69218
35 14 5 16 8 14 13
56342 27532 15846
9710 -88429 -63830
42037 98334 15686
35 6 16 13 16 11 8
-41668 -7283 60833
-50381 43744 -90390
82351 -58148 -4374
35 21 10 4 28 7 0
98130 76799 -69554
18683 -97593 64578
24176 30045 77501
36 12 11 13 13 14 9
49296 178 -87620
15258 -27007 77792
86712 33291 -10557
36 20 9 7 13 21 2
17253 -73989 76699
54546 11721 -70966
-32661 58922 7312
36 0 28 8 8 17 11
-71131 24909 -48106
7275 -57681 -73299
-32618 -92176 -19034
36 10 7 19 27 2 7
78919 31376 38295
-12667 20615 -10804
-21726 65395 43213
36 22 9 5 9 14 13
-40863 -8678 77907
72948 56970 -14289
44636 36478 -55823
36 1 23 12 2 27 7
65902 14559 43344
-789 29010 96911
-84766 28290 46855
36 6 8 22 8 25 3
-63159 81020 -80606
-97226 -64289 -82618
-96038 -37426 -11827
36 12 14 10 17 5 14
23062 49907 86312
45920 6448 80961
-45677 -83446 -42631
36 16 9 11 17 11 8
-14516 -33643 60582
93051 14407 46849
11901 -10908 80890
36 2 14 20 10 2 24
-68110 -86157 -99546
18382 -37751 83194
-70007 20784 -44678
37 17 5 15 4 11 22
52355 15227 -79439
63767 -68907 4754
87564 -80154 -23586
37 19 5 13 8 9 20
2478 -92294 14484
-51876 19849 97469
44635 40742 -43142
37 2 9 26 17 1 19
-44797 94655 -25448
-92736 -8584 43263
-326 -99170 63922
37 13 5 19 0 10 27
-54938 -89573 -86813
-82619 56990 74512
-46533 -40507 78904
37 5 8 24 4 18 15
46394 30069 -42393
-82411 -94313 -95152
65834 54709 -73922
37 17 4 16 15 19 3
-55406 -49537 83926
22893 55503 -81555
-78880 39053 53816
37 10 14 13 12 2 23
16260 -18639 54267
60601 -49439 -19717
-55044 -31989 84318
37 9 15 13 6 14 17
34647 -8625 -58451
84578 -66959 -79257
-92271 32831 -47096
37 3 18 16 15 6 16
-80160 -10484 991
-46990 94836 21980
-34886 8717 71222
37 12 10 15 10 18 9
57680 88151 35012
-72369 -82077 -9485
-79292 -45603 -13775
38 1 19 18 11 14 13
36965 80750 88390
-25578 18935 78213
-46380 67110 31403
38 8 15 15 12 21 5
-94317 -5490 66028
-76753 -24082 -49772
7435 -77952 -93748
38 12 12 14 18 12 8
86835 33942 37053
-45564 71116 39969
-96879 -42271 -72178
38 23 4 11 9 18 11
-7490 -50271 -15173
30167 67193 -96662
-22218 -72738 -27700
38 9 11 18 9 11 18
-36123 -63884 6804
80980 -34711 -90902
-75526 29021 52810
38 4 6 28 9 12 17
87886 10009 -81457
93559 -44726 81313
-893 -73300 33474
38 12 11 15 19 16 3
-37777 -6727 -58672
55062 53197 -60626
-30531 6211 -99985
38 11 12 15 6 21 11
1290 90459 -36505
5041 -1147 26223
-64603 62316 21503
38 9 14 15 16 11 11
-17885 63473 46127
-56002 48658 -73021
89124 -72244 94997
38 12 17 9 4 14 20
76711 -88174 -7211
20249 -31913 -13957
-86367 87367 65844
39 15 20 4 17 10 12
-80621 34824 -90121
40765 -49339 -81699
-33139 -92958 -95442
39 2 26 11 4 22 13
-6366 -44293 84810
-95241 71784 97511
-49437 -28390 -49403
39 5 33 1 18 10 11
-91056 87509 -86274
51564 -87562 2952
-45191 22816 95602
39 13 13 13 8 18 13
12903 3144 4375
-85410 -45229 30419
-35939 -8546 60605
39 7 18 14 9 1 29
85938 -6830 3566
-43427 -35156 84882
31731 -75985 92679
39 19 19 1 23 8 8
-78637 -9421 28477
4347 19886 -56185
22552 29535 44332
39 3 17 19 10 4 25
-91481 63749 7857
8524 -39392 -11320
14370 -53848 -15143
39 17 1 21 17 5 17
58062 -41724 -78138
-51895 -70056 -59449
32758 -59115 -87001
39 13 8 18 23 16 0
-72803 86899 -72017
-13111 -24219 -67154
-69867 -90706 -62290
39 10 20 9 15 2 22
90504 75250 62452
68032 17919 46537
-20069 -8501 -59967
40 7 21 12 3 20 17
19045 -10584 55703
-29238 -6344 45731
-3537 -7323 19745
40 8 5 27 4 13 23
-61592 -85719 51207
-71049 -83228 87234
35483 14044 -58265
40 4 24 12 9 20 11
98300 68866 18092
-75107 95403 43891
43145 37478 -36705
40 15 11 14 22 1 17
-92320 -85278 -43185
-20795 54570 -2375
36866 -72132 -68407
40 4 25 11 33 5 2
89186 91235 19471
-29077 -22690 -52435
91028 7639 70743
40 12 18 10 12 9 19
-40436 -43834 -92546
-3552 83642 -76584
-87772 -12699 79653
40 15 19 6 6 13 21
-61005 97589 -84923
-66998 -82734 -43838
96157 -26761 20295
40 16 9 15 2 16 22
9418 48759 93789
6371 -62004 36718
13472 78437 -64133
40 23 7 10 29 11 0
-1130 18806 49870
12542 96664 -82375
-33787 84825 -31090
40 9 18 13 13 12 15
36423 20358 -99115
25624 -90916 -2406
55464 23072 37176
40 26 13 1 15 12 13
5164 37900 73355
34408 40734 60371
-45172 -5845 82808
41 11 25 5 12 17 12
59435 11808 -85607
82552 5872 19906
89728 82743 -93361
41 1 4 36 26 13 2
-77130 -32999 97552
-74803 87563 -95494
13878 37323 76397
41 18 22 1 24 7 10
25579 -73534 67716
-2353 -21307 -86303
-17569 -55041 -38313
41 23 14 4 19 1 21
-30078 45545 -97247
59818 -71487 -76205
54257 -87426 68777
41 4 22 15 14 13 14
-84464 71830 97371
86227 1043 36552
-99672 -70562 -24730
41 16 8 17 4 13 24
-97184 -7567 40590
-12661 22880 -17187
-31729 -29204 45815
41 16 16 9 10 14 17
-78267 -9257 18386
24899 -52228 -67301
43544 -44846 64859
41 3 11 27 16 14 11
-70385 51289 27064
92555 -72533 -79309
-41437 -25066 27968
41 13 2 26 18 1 22
-70245 -94028 -6623
17374 96340 -1171
-3897 22476 -83325
41 7 8 26 20 19 2
351 -1396 24826
-96444 84604 -74877
14462 80205 -90515
42 20 20 2 2 16 24
35748 -65928 -46329
-200 88441 75252
50343 -30064 -69101
42 8 14 20 23 0 19
-85126 -54425 79497
-99882 -19372 -98841
88774 -64378 63039
42 5 6 31 33 5 4
15608 -91844 94900
-95452 -48774 -5248
-89202 77224 52688
42 11 18 13 17 7 18
73082 -73963 82616
-63951 54771 49666
-53474 71387 -82774
42 9 10 23 5 13 24
-29289 -18514 54749
-21171 -86485 75763
18079 2807 86937
42 9 18 15 7 32 3
-38206 -32463 -92313
98727 37288 -19006
74432 -83314 -5211
42 2 23 17 15 13 14
-87203 -13661 16130
-41496 80554 16761
43528 -21888 -25273
42 17 6 19 13 17 12
-5479 -18443 -80818
14220 -90802 18484
-67051 -9077 26407
42 19 4 19 19 5 18
83588 89840 -76512
26714 -39114 -27373
-66534 50432 -92267
42 18 15 9 11 17 14
-9530 68977 -67720
95232 -883 -89692
85634 -75787 -53593
43 25 17 1 17 12 14
63577 -52701 59484
7410 17316 35648
-73535 76853 393
43 20 21 2 8 9 26
-11772 63773 6947
-45490 85429 -20055
-75040 73403 -9234
43 11 10 22 7 32 4
84741 58313 64354
-26423 8061 -63245
-62982 8261 51426
43 20 14 9 37 1 5
-98035 -61713 39691
7054 31409 -64537
-68485 -34486 -78011
43 13 7 23 20 15 8
-93663 1289 49768
8742 -18647 -34034
63977 29940 47516
43 11 26 6 13 25 5
95470 59131 -76402
-56581 -36572 -69953
-36626 17849 48765
43 19 20 4 11 15 17
65630 62022 -61431
79010 -20623 50172
-98976 -6604 -5433
43 8 18 17 13 11 19
70421 -38231 -53423
75125 12942 47110
-2996 -96060 32518
43 18 8 17 17 24 2
-55671 84327 -22603
6818 74542 -36241
46023 92423 -846
43 21 1 21 12 18 13
-46541 49640 99189
66495 42506 95795
-98875 64364 86315
44 22 1 21 2 24 18
7406 -37956 2819
55197 27515 -70475
-51235 97205 -14311
44 23 17 4 15 13 16
-79596 73295 43581
-98941 73792 -14849
-23134 -70940 -57452
44 13 20 11 25 18 1
-57830 52890 91574
65130 -84478 -63075
46724 30879 -47729
44 15 22 7 10 18 16
22753 78902 11420
49540 44543 23101
91204 -56050 -53707
44 2 30 12 14 15 15
784 50903 98696
21102 8212 73743
-53484 33290 -45025
44 18 9 17 19 12 13
50326 -46740 38413
-19948 24959 22371
72807 -93472 66305
44 17 16 11 3 19 22
-54175 11355 99590
-55320 15015 96711
100000 48816 -12293
44 26 17 1 3 13 28
-61646 -18692 45819
4775 75049 53642
70966 -84635 60291
44 30 5 9 8 33 3
64129 289 79930
-74223 73795 89532
10538 67406 5900
44 23 10 11 23 14 7
76981 49787 15579
-2825 -86976 20669
-42186 16771 -95833
45 22 8 15 17 23 5
73471 -56113 -20922
17461 21871 -2659
10817 -73991 -47438
45 14 19 12 14 10 21
94176 -9907 2131
-38314 -49723 -51648
94362 57630 -67554
45 24 10 11 15 11 19
76738 -58420 -26220
-40758 -73179 69207
77186 52178 55949
45 12 22 11 1 29 15
77332 10180 54750
9833 63479 -18516
74597 15300 -3807
45 22 9 14 8 21 16
-81578 36365 42422
-13770 -69521 18788
-20337 37781 5055
45 18 2 25 17 14 14
60468 -84354 -15709
1752 81903 91943
-55494 -50740 -17715
45 10 26 9 3 4 38
45980 85214 37843
-59912 -67277 16669
-72479 -54123 -32151
45 5 21 19 9 14 22
-34944 50105 19287
-11094 -76335 -17725
-14747 7194 51847
45 5 17 23 29 5 11
62032 20704 65354
-44928 -50682 83557
-86486 54328 49691
45 15 4 26 9 19 17
-8906 6800 -81759
-62636 -97187 36480
72109 -80995 -97250
46 25 15 6 25 1 20
-61211 -48832 26064
56046 -9244 -83678
17950 -87651 -60046
46 3 28 15 10 13 23
-44371 -77365 7324
74229 -2538 -82859
91160 36396 41044
46 27 4 15 3 27 16
21703 -41201 -54100
67138 3253 9253
90691 -43067 4459
46 12 18 16 17 11 18
-19217 85963 -9681
70488 82212 9090
-55610 29708 40201
46 13 9 24 21 5 20
5168 -6927 61662
97968 -91327 -23597
58442 -85815 12201
46 25 19 2 3 24 19
96704 -87923 -46268
98320 68446 -29988
-64095 -12425 59772
46 25 10 11 22 19 5
79566 82420 23497
-92914 62307 -43501
-22229 44868 9611
46 24 6 16 22 4 20
5251 -9100 -10133
-11871 48312 -16744
-27909 -67012 -78294
46 24 20 2 11 22 13
-71516 -18012 -67585
9357 -12768 13634
71024 75437 -9462
46 10 29 7 5 19 22
-78237 -19169 -11574
-19155 -20358 92327
180 -4907 25223
47 22 13 12 17 13 17
86379 87629 67427
-41095 64903 48083
-25452 85354 32442
47 22 13 12 5 26 16
48229 -28950 -63966
45720 44212 95026
-22119 -71711 -10465
47 27 11 9 9 1 37
1350 -47785 -10707
84684 -93698 -55088
55936 89364 -92921
47 11 10 26 16 19 12
-46507 -20502 43720
46351 -12709 26543
-72815 -80861 -13733
47 21 6 20 2 25 20
-325 36580 -55456
-71579 49163 57759
55595 72864 -92490
47 11 21 15 3 26 18
-61284 -80616 58204
20194 -51019 80516
21241 -39500 57419
47 10 9 28 16 8 23
2205 14124 -39097
-15748 2107 -90154
-3030 -21096 37398
47 7 20 20 19 20 8
33082 -44299 -39245
25861 -97083 93029
-89894 -32339 -28526
47 18 16 13 24 20 3
-709 -2858 32619
-73309 -40476 73136
19430 46745 -82814
47 23 23 1 8 12 27
-29270 -66097 98912
79471 -79116 67181
48121 -95122 -93211
48 18 22 8 23 19 6
7345 -52010 -4128
-60616 97704 61455
13656 25212 17966
48 0 26 22 7 24 17
-36534 5462 -42796
-98580 4737 9093
-22164 -19411 -62357
48 9 5 34 17 18 13
23137 -78939 -38131
-21888 -24276 -41590
-47131 71434 -42428
48 14 17 17 6 22 20
40417 -21008 -79598
5005 -63612 92312
27212 90472 24181
48 7 31 10 22 6 20
-80917 -53174 -62512
58750 31147 90324
-62929 -85 -35043
48 12 13 23 10 2 36
37757 70332 -38629
-15074 62694 55263
40541 -46046 85138
48 1 33 14 8 5 35
79219 40874 -61009
-73853 32946 84868
7970 56603 5763
48 9 19 20 24 20 4
1952 58743 -88562
420 28356 -63676
41573 -26798 59272
48 1 37 10 9 18 21
-5934 -27824 70980
36594 22610 -88852
-54460 90332 -55502
48 12 31 5 24 3 21
-53796 28071 15121
-35647 -64119 -17905
24923 13611 36675
49 18 14 17 23 9 17
15124 73797 39442
74545 -13050 -44290
39276 -73940 60503
49 19 14 16 21 2 26
-89970 19938 46636
-36636 -57690 -50205
36407 -22884 21687
49 1 14 34 0 30 19
-78006 -90920 80564
74052 -81311 20720
87021 -98809 21863
49 12 19 18 24 24 1
-3141 80343 8253
-80417 8499 -78423
52418 86080 7454
49 9 29 11 37 3 9
57821 53805 -81553
14108 24156 77138
-48062 -79620 60345
49 15 22 12 17 12 20
-76589 51604 -85341
-5713 -96203 67362
-7840 34636 -42065
49 17 23 9 36 3 10
88260 -19541 85811
2166 93751 -2720
24973 3924 89359
49 18 16 15 0 21 28
16255 69696 39642
51667 63337 -91527
-32970 15502 61547
49 16 16 17 3 14 32
72304 -57558 -96588
29834 -47379 -58138
1575 -95501 78414
49 21 17 11 16 11 22
-49385 -54665 -77814
-99316 19884 30742
10651 -35878 -21685
50 18 22 10 9 23 18
-43169 -48660 1245
-48370 70909 24591
33405 -41610 -41730
50 16 16 18 10 22 18
-18362 -26236 -63507
82852 76402 94923
-38543 72895 -27177
50 35 6 9 34 11 5
56417 37266 -68562
4061 -69804 96936
42066 35644 6502
50 27 4 19 20 28 2
26702 -93063 44747
23529 27028 -75139
60374 85289 -96580
50 20 6 24 20 27 3
71552 -22996 93900
92871 -15764 -83064
8680 -83175 -62586
50 17 11 22 14 15 21
95164 47813 -7879
-56852 -16442 77936
69887 -2540 37382
50 13 18 19 28 10 12
53749 -6330 95128
-62621 3815 -44149
-71682 -36127 62171
50 38 4 8 14 15 21
34979 -40518 -83366
91944 -28432 -921
-86188 -21863 84329
50 16 3 31 4 21 25
9754 98061 -80395
-68198 59763 -75024
-50959 -33525 -78154
50 21 9 20 19 25 6
-55915 -60493 -70553
-28361 -56319 23503
-37436 34810 -86295
50 34 4 12 17 20 13
-75754 20691 -97798
-76595 92517 57960
36710 -71608 -43627
51 12 37 2 16 6 29
-91872 69209 53271
-22888 72175 -80989
-84736 20881 -6911
51 18 5 28 23 17 11
15582 54698 92041
4827 4888 -28885
52606 75231 -21618
51 24 24 3 11 18 22
47158 33706 -20280
-93098 -56683 -32499
-41375 73809 -56369
51 27 7 17 16 22 13
8074 69889 16898
-74114 69649 -74043
51531 4061 -26481
51 23 5 23 3 23 25
-71921 -7854 86622
70148 75402 35578
60080 -74779 8898
51 17 14 20 23 11 17
-51068 -84101 -94761
9041 49935 99353
-26811 -7089 -23487
51 18 18 15 25 8 18
60249 90098 65187
-39142 -89060 79531
-32816 67179 -60119
51 8 23 20 20 3 28
2293 -94783 -32684
31902 71564 -67681
-20939 -38425 48453
51 13 16 22 27 20 4
-42262 -54385 -43720
36116 50682 14761
87033 -85349 -12974
51 21 7 23 15 17 19
71982 -57034 68502
-77959 -46400 -22048
-78012 -67317 20581
52 14 17 21 5 29 18
22931 -44953 49794
24779 11519 -33913
21355 38905 -29330
52 21 15 16 29 9 14
-20107 -58020 -31183
-74614 85563 -6884
-77606 63378 -20451
52 41 4 7 2 23 27
-49166 76132 45928
7798 10145 53803
-44567 -66126 -88145
52 17 11 24 1 14 37
63906 59062 39540
-89809 -78153 -11691
5971 -20354 9755
52 16 19 17 21 19 12
46034 83624 32071
-42186 -50034 -21441
35490 52560 -45098
52 21 25 6 9 19 24
-19317 -37578 -361
81325 -85204 89411
39245 -32887 93251
52 12 25 15 9 24 19
27747 6475 -15633
70583 -85517 -65980
-47573 14761 -81962
52 10 12 30 30 10 12
30502 -27972 -62222
-77305 -67429 -83431
-54654 -8816 -58764
52 13 22 17 19 19 14
-42986 -82741 4027
-14104 -491 -62493
37643 71977 84175
52 6 16 30 23 10 19
-60740 -13856 77509
-40073 97048 -5048
-69284 49330 64529
53 25 19 9 23 28 2
60808 -73001 -96962
-1748 52168 48693
96884 45869 3458
53 20 20 13 24 18 11
59066 33667 -32277
-61236 85579 -70644
-52626 80069 -22213
53 10 38 5 11 32 10
-67887 -79189 16324
-54580 -46078 -26661
31979 42990 98498
53 19 27 7 16 30 7
-64164 72173 4322
9687 -71072 13179
-44370 -83518 27062
53 20 10 23 20 27 6
-45581 -767 -45301
-91175 -76433 85927
92250 -55441 95812
53 15 12 26 0 21 32
80113 74614 33820
-60760 70133 99980
78044 63472 -69257
53 24 23 6 14 32 7
43408 -34776 44147
-94619 -45928 34015
61288 20731 -61972
53 16 9 28 8 24 21
67681 55116 -87128
53453 78100 80282
-31368 16363 -90581
53 10 18 25 7 36 10
96029 -20678 -46722
-93573 -8500 92256
56139 -33040 34776
53 5 18 30 0 22 31
-72597 43328 35464
-3722 94303 15104
44916 77663 -86091
54 1 30 23 11 33 10
49267 -85275 76640
5400 65771 -57531
59428 -62558 -38390
54 2 31 21 41 7 6
-14780 -63430 -82386
-62952 59069 66456
-65704 -12155 85155
54 1 21 32 14 14 26
33611 67956 32888
-38609 -72797 -50415
-32009 46660 -21939
54 36 13 5 11 17 26
43864 81235 -9876
-78348 92590 -55172
96595 84706 61960
54 16 4 34 8 21 25
-85282 67002 -48100
-69108 96651 -55400
37746 -36747 -41954
54 23 11 20 4 38 12
26626 -12039 -87608
63905 -78639 -16658
79889 85665 -14476
54 35 19 0 20 16 18
-65073 92876 -61571
23454 5665 24031
-78596 69167 -20738
54 32 10 12 10 32 12
27944 51873 -73569
-32166 50345 47667
58408 -58577 10677
54 20 19 15 3 9 42
4452 -15895 -10065
-9687 25211 -83262
-44294 52009 -82619
54 18 21 15 23 23 8
-22682 56839 -10138
-54395 7556 18418
38927 -62605 -83264
55 20 26 9 23 6 26
77352 55948 -47832
39829 -86403 77027
93520 95399 64472
55 8 12 35 19 26 10
47933 68330 -11003
52044 -98043 -79999
-18993 31440 37912
55 17 26 12 26 22 7
2083 -61655 4851
40583 70191 -85274
23101 97837 -58866
55 17 20 18 26 10 19
-39941 87425 29663
-73816 64535 -65195
-28318 34638 -58662
55 18 6 31 9 6 40
86419 -67902 61683
70904 -34043 -36663
-88689 18325 6824
55 13 31 11 20 13 22
32330 77372 75987
-26436 -65053 42697
-74358 -17158 82630
55 21 6 28 22 29 4
-18395 49431 -66797
-72055 27333 -62648
-15659 -83401 -76396
55 44 4 7 15 29 11
7826 -20644 -1439
-27473 9955 -76032
35287 -60700 -36452
55 25 25 5 23 29 3
-92652 82824 -6025
-73434 -6091 38925
68542 11645 79326
55 3 29 23 19 29 7
-71043 18885 -32102
84514 -89983 -34195
78620 51161 -46653
56 1 26 29 2 27 27
-28124 -81794 -68531
3686 99479 82949
-76151 17008 -98819
56 13 19 24 14 8 34
9837 -55776 7869
-31991 30970 -71785
62767 -62874 90077
56 18 15 23 17 19 20
38444 -94324 96870
-45437 -73437 58420
-38319 -51365 -40002
56 21 24 11 9 24 23
13563 87382 -73666
-91702 -84211 8866
42056 82908 -78019
56 18 15 23 5 29 22
69369 80555 -38270
86853 -95491 -98057
37412 -90148 65445
56 26 24 6 12 29 15
-94351 -77903 -29552
55655 70559 21013
-23400 -82662 -79388
56 23 16 17 19 21 16
78216 92783 28901
-56687 18602 -75773
18405 -46411 25124
56 17 29 10 8 16 32
-45287 -50595 64035
36437 -43841 14843
24705 -73225 20471
56 45 7 4 3 25 28
30729 25073 99598
-75668 362 -67013
36618 58795 -31060
56 25 18 13 26 10 20
3847 -79691 -99351
-88823 88686 -69556
51772 50990 -73056
57 19 7 31 8 23 26
-14083 -58098 62796
-26427 38219 86584
-86329 15834 -39345
57 1 30 26 6 26 25
-50959 -26912 5698
-68778 -52315 -64767
18076 -56898 -78832
57 2 12 43 40 10 7
-40932 40949 44006
-68675 -38622 18491
-33819 -60012 85698
57 3 32 22 33 16 8
-5629 56527 78130
-35107 38169 -18873
-26360 23249 -66407
57 24 26 7 16 14 27
-98544 23236 44502
75092 -13417 -20090
30350 7273 -57590
57 34 16 7 31 16 10
-61026 2359 33760
11064 31657 46428
-80342 -3660 12194
57 28 13 16 31 17 9
-42912 19486 12710
48520 51467 74388
37639 92203 -49921
57 19 26 12 22 32 3
14510 85673 5623
-91620 82310 61741
-76653 36620 -2219
57 22 19 16 6 29 22
46687 -41007 54402
-52062 -97835 -43212
51463 -67022 63624
57 26 25 6 20 31 6
39210 -33996 -2474
-51730 5653 -51124
-94674 -37820 -59470
58 16 1 41 26 14 18
-88213 -71927 62600
28433 -8601 50808
-63004 -27631 -73837
58 24 21 13 23 13 22
93518 -69078 11228
-75830 39006 99567
8775 -81669 39557
58 11 28 19 27 15 16
-57188 17369 -56169
-8994 -235 -83152
-13671 65105 79317
58 24 13 21 1 23 34
47937 -28436 -7335
90056 88416 71684
-53358 35358 1188
58 28 28 2 30 26 2
-18603 21605 65130
-7467 -62491 60296
86283 17366 -96484
58 15 23 20 15 14 29
-99882 87944 37620
12619 36948 49988
91459 25045 89328
58 35 6 17 23 13 22
-82197 -29142 6837
81023 -4576 22666
-77050 -39686 59102
58 4 23 31 18 17 23
12462 -56421 -27897
-19801 11859 -54308
5159 64300 86951
58 12 46 0 21 29 8
-19297 -51131 -7714
86917 24146 87450
86267 54525 -43580
58 1 30 27 20 7 31
94906 54796 -40721
84982 -36649 -11187
-76424 8512 -1463
59 28 25 6 31 17 11
82269 -86272 42011
17305 -3048 8921
-57363 -79397 95178
59 19 23 17 21 6 32
36362 42359 -8384
15877 -51622 92641
-1937 -10001 11357
59 32 6 21 29 26 4
-7869 -40407 61387
78292 -49303 55796
50253 88523 -36598
59 3 25 31 27 16 16
-88175 29266 -57313
-38141 51600 18202
-40421 20734 78815
59 15 20 24 15 35 9
80070 -35786 44376
-35772 -5357 80411
24959 21772 -90136
59 20 25 14 49 0 10
-80987 -21347 -47380
-16904 -71882 84593
-95395 5701 -30425
59 35 11 13 23 13 23
-22018 81886 -21449
-76227 26082 95560
-96888 7128 -16080
59 32 12 15 23 19 17
-35750 20931 72725
33429 -72842 -66714
-17948 -316 80609
59 17 26 16 29 7 23
-27569 24690 -12155
96531 42499 96869
80706 44000 -88973
59 27 18 14 16 20 23
11353 84775 -56585
785 69922 -48346
-75195 15770 91363
60 15 44 1 11 34 15
-48060 -75632 -33219
-91876 63118 -86556
-42968 -6268 13630
60 24 15 21 36 24 0
-22549 7461 85493
11356 -70976 10389
83087 -85351 -84819
60 25 27 8 22 14 24
75754 5758 -44752
-32230 83376 -14913
-62886 -78338 -76200
60 30 2 28 31 19 10
-42698 94947 -47574
88901 -23299 3629
-33732 -29153 47975
60 37 1 22 6 32 22
92118 58697 -1662
49001 -34168 27352
85875 -63002 14859
60 14 23 23 20 4 36
10965 -88807 -49374
-41814 -30983 -80015
90592 -50700 44022
60 32 2 26 16 18 26
40345 80074 6121
-87107 -79477 23092
88169 42282 -46134
60 37 10 13 27 12 21
-3691 88174 70162
-88454 19070 58753
19998 -29874 92234
60 31 25 4 10 22 28
5963 72875 53609
28678 -91628 -78327
6511 87682 -77914
60 7 51 2 16 25 19
-27678 -55128 26774
-11933 -36327 3283
-89556 -32330 -23100
60 33 25 2 27 33 0
2524 96027 80163
54213 81010 -34409
2839 -16957 -7612
61 10 36 15 8 15 38
95858 -82004 -95348
-45710 -23608 -7570
11591 -37568 -2328
61 26 3 32 28 22 11
97760 83521 -14736
-97791 79643 55366
20177 49307 14978
61 22 28 11 22 13 26
24465 76964 83955
-36989 -2533 18096
53221 -7577 16985
61 17 22 22 24 9 28
86780 -7870 60725
19946 49658 -61394
94873 -26244 -87328
61 24 7 30 19 21 21
14180 67445 38667
16624 -79477 18502
68456 -68767 -18933
61 12 36 13 13 26 22
17973 -13373 -83820
-43428 83689 -20046
31951 29317 55387
61 7 45 9 33 10 18
93369 -52416 38496
36730 50133 -36701
11867 -11470 -77208
61 24 1 36 13 22 26
7149 30080 -76307
28274 -62181 -70552
84915 -58095 52843
61 40 1 20 25 11 25
6695 -42234 -56692
-88537 86250 -32557
-67186 82279 51767
61 23 9 29 0 32 29
53525 57219 -28191
-15139 -54011 -49974
81931 58910 -2288
62 38 17 7 34 8 20
80373 -20789 -27247
-80554 -35575 26096
-38066 -90165 21514
62 25 16 21 25 29 8
-84890 -29957 88061
29759 -95222 48438
-35132 88381 -22850
62 20 18 24 4 34 24
24970 -26287 72592
73476 15367 -68950
6255 76120 26037
62 25 12 25 25 21 16
-87258 -2968 986
-77078 2854 100
-35513 -56296 -50876
62 22 17 23 40 17 5
-55252 55541 -14742
8839 84848 -88065
-53892 -45822 -243
62 22 27 13 15 26 21
-47026 44799 -7457
53833 62690 66177
8511 99848 -55462
62 16 40 6 4 33 25
27100 64950 -3737
-33586 85446 -63994
-7558 -84690 -56706
62 35 11 16 30 25 7
-62015 -89533 -96840
-96228 7884 -64687
19260 -50552 -99285
62 29 19 14 1 27 34
24465 66470 -66701
-34636 -59701 -84788
93016 -16296 -14152
62 11 43 8 22 22 18
84242 22823 26756
78897 29916 -50446
-58130 -35580 19758
63 31 32 0 26 15 22
-41399 -70990 -70512
13532 87134 98884
-60161 -49292 54222
63 19 10 34 25 20 18
19427 28560 -5571
23868 -78623 -29662
48634 31834 -26924
63 10 16 37 22 27 14
-56404 -66383 52935
12389 -7050 65694
65640 -6716 -1698
63 21 33 9 55 2 6
-82871 44762 50450
-13603 92871 -19691
-46333 45362 31700
63 8 1 54 6 33 24
15638 22354 96028
-33795 -46436 -69510
-95374 93232 77613
63 38 14 11 17 12 34
-14402 -85546 70025
5908 79100 -6616
-7513 -17871 -39703
63 26 27 10 12 25 26
78880 49453 -86743
62522 25898 -24448
-14400 -50442 73641
63 9 12 42 25 11 27
42784 -19585 65335
-54515 -2697 -14631
-84120 -84401 8341
63 28 23 12 7 45 11
-99898 49155 25636
64365 -24154 -68550
77397 12693 -74625
63 13 24 26 27 31 5
-5285 64966 79420
74538 -88403 -61072
62136 -55761 -23024
64 19 32 13 23 25 16
-81316 86774 -69916
21270 565 37191
-30698 -28767 -13487
64 8 24 32 16 20 28
68832 -24150 -68412
24554 33751 -40188
21636 -26265 23628
64 29 26 9 47 16 1
18821 -25769 -3573
93429 -3328 -88850
50823 79932 44640
64 20 40 4 4 54 6
55086 65429 55073
45436 -47937 -98711
-27448 -74042 76035
64 1 59 4 2 38 24
-13017 2459 35972
56806 -47121 -7161
75036 -94016 -29156
64 15 23 26 29 17 18
-4259 49233 -41270
19672 -21571 -40364
-91350 60216 9157
64 14 34 16 35 15 14
50045 81413 -27050
-75409 19487 -44675
-18526 90315 8420
64 13 41 10 2 36 26
-62558 4640 51841
-37887 18113 68290
-83281 5626 49557
64 33 22 9 16 39 9
7450 73279 4485
42164 7014 -88042
99277 21844 -13622
64 7 27 30 35 25 4
44511 60283 76908
25792 62905 81488
-77246 72629 31732
65 7 25 33 44 5 16
90613 -83260 45927
-8493 47762 15185
-19537 -83214 -35890
65 37 11 17 24 15 26
-68378 -50250 4684
70041 -82020 63374
-39791 65446 -66639
65 23 4 38 17 36 12
94111 -90947 -31907
58640 26271 23142
-81758 -98656 2775
65 25 13 27 23 33 9
31257 -27230 -31844
-44917 -69689 71818
-44982 68453 3892
65 12 27 26 27 4 34
-9499 -38961 38122
-24366 69668 -82034
15620 -22915 89831
65 39 16 10 12 24 29
42820 -81240 -71746
96279 60106 -48687
-9008 63820 -34525
65 33 0 32 6 10 49
1450 38373 65306
-36521 -45103 38711
-12481 70773 -38061
65 32 32 1 38 16 11
70293 -7625 41992
-89360 71008 15407
84269 25852 11409
65 10 44 11 25 35 5
77545 3664 -61371
78422 -16059 -43970
6303 24736 57587
65 23 10 32 29 6 30
-12450 59325 -42757
-45375 83335 92489
67113 -11167 43055
66 24 30 12 15 11 40
54750 -96542 73998
-12064 -48754 21858
-19060 -56882 -87817
66 25 27 14 28 4 34
-7032 41052 97320
-38320 43962 -48053
99163 53923 8209
66 19 16 31 32 24 10
-85089 -14560 -41000
25867 96728 -92134
-24668 92147 -12792
66 10 19 37 15 27 24
-59212 83182 23571
-69599 -91190 -96699
96160 36070 68059
66 12 19 35 15 2 49
15393 63675 34802
29644 -2246 71465
-98063 -28305 84695
66 32 10 24 19 23 24
-79716 69559 -5893
-64098 -39019 50405
62129 -25158 -97817
66 20 37 9 22 14 30
84415 49912 -97817
-52556 57652 27123
88180 58426 97034
66 10 9 47 43 17 6
46174 69579 46636
-86099 26440 52442
-60687 -54345 -61170
66 42 5 19 1 57 8
-11573 31467 56055
20304 -58610 -46385
-19823 6630 59702
66 1 14 51 1 30 35
55792 -28483 -78240
-91185 29132 -26309
39448 39080 -59498
67 47 9 11 28 5 34
-72537 -64847 23259
34408 3769 41718
41102 76452 37218
67 17 28 22 19 6 42
49916 -92925 98801
-31117 -84680 30063
-84316 -64266 1947
67 20 42 5 36 5 26
-57419 84553 29599
-70586 -54770 -25373
88010 48007 7544
67 37 20 10 7 28 32
93417 18821 79717
-51254 64622 65050
44709 -92400 74323
67 19 30 18 2 34 31
-82711 -84858 -8571
15925 -60167 32353
11945 16166 36618
67 32 16 19 48 6 13
42922 -20382 -11608
-65858 83037 28296
15498 96061 47696
67 7 54 6 28 32 7
72622 74584 -88593
60427 -49591 80242
-30715 -29691 -95840
67 23 23 21 34 3 30
-65448 11223 -71935
-82113 -21720 98166
-11493 -91959 -21291
67 24 18 25 26 33 8
-54430 -70228 86150
34779 27349 43190
39819 68360 87798
67 17 27 23 25 17 25
52235 -97908 23539
60617 -5561 92535
16563 -4739 -31892
68 33 8 27 38 3 27
75186 -85123 -4309
53963 26357 -25968
44747 1160 79012
68 1 42 25 28 3 37
69379 71103 -53300
62818 55681 42182
55262 78245 -35175
68 6 35 27 22 6 40
-62274 37653 -80816
21845 -35856 97371
-78384 -58745 -62673
68 26 32 10 7 41 20
2980 11076 -4904
-3653 -2352 -16017
-34743 -99755 -8684
68 18 15 35 0 52 16
58792 27328 98184
76719 12322 -13116
36811 49874 25171
68 12 1 55 25 17 26
-20401 51556 -47502
-97837 -51779 27889
-86189 78749 58372
68 4 35 29 36 18 14
37471 -24126 -8066
-44391 67195 -6012
10763 68273 94435
68 8 53 7 29 15 24
79453 5853 -39913
34555 12836 -86513
-78570 -94900 -32162
68 28 14 26 19 24 25
52226 24988 997
89669 -48571 91664
87399 -61412 76765
68 3 19 46 34 2 32
1312 20842 43368
-4850 10408 -13154
-68841 -57972 15075
69 58 5 6 26 26 17
56150 51769 -70569
-44445 -74340 78512
51950 55233 -11111
69 40 15 14 9 43 17
-37835 63464 -62050
-82987 14011 -82190
21980 44092 12611
69 2 44 23 18 33 18
-8740 -82687 -31444
86380 16906 -48663
16234 53661 69665
69 28 26 15 27 17 25
92810 -65652 28218
40963 34796 -25418
-92023 -56078 11687
69 26 34 9 17 21 31
35873 -90715 51468
82991 -11152 -13469
61567 -33804 88540
69 3 21 45 32 28 9
70695 -75996 8554
-62318 -56325 -20208
58365 32894 -3751
69 14 12 43 5 49 15
71525 67295 94275
104 32218 46387
723 -58872 15720
69 47 17 5 9 29 31
-72009 -9481 -97775
61532 33538 -14751
-57593 62739 50309
69 36 25 8 31 2 36
86778 87273 -57562
-56416 -68362 96001
90300 82617 90732
69 13 11 45 34 35 0
-18057 -43603 -49671
-37861 -2758 1505
-16803 28465 -37656
70 47 20 3 39 23 8
31551 -87431 97497
14130 97231 -20588
81825 38833 -12979
70 19 33 18 45 5 20
82825 71849 -98011
-43832 31884 -9192
-34211 17915 -32058
70 43 0 27 21 21 28
-28117 15485 27435
-22494 93141 89024
-71504 29332 47686
70 51 5 14 32 34 4
-38015 2707 27498
-75773 82046 -15544
92585 49218 -10363
70 16 32 22 19 24 27
-25834 63014 -76743
62705 22914 -30880
52356 24818 62386
70 6 25 39 14 19 37
60386 -26737 28159
70289 -63428 44753
40746 -87888 -72656
70 27 39 4 22 28 20
-35500 -34261 -75747
59879 -66937 -80049
84329 -23411 11658
70 1 54 15 15 13 42
-26289 -23534 42289
-55678 85134 840
76012 99889 90225
70 17 19 34 7 14 49
17735 -3757 57001
76312 69864 -81573
-64858 84880 -68551
70 16 32 22 13 39 18
19816 -65168 98021
53272 30309 -59317
-54770 89503 13788
70 14 23 33 1 51 18
-43847 -98466 -52720
-57282 31778 844
-65618 -73824 58078
71 26 26 19 20 36 15
94016 -9232 46516
-74450 -56251 -96410
-44034 -35462 -47161
71 41 7 23 43 24 4
-15541 -64036 36559
77143 -45978 77918
-76268 -92972 50677
71 37 9 25 18 25 28
-36118 89875 54309
-52045 81620 -20452
-87862 99410 42946
71 2 50 19 28 1 42
-24105 -95487 96101
-17942 11429 -96231
-12973 -90062 84466
71 16 15 40 26 25 20
-14524 -14984 24435
19084 -734 57405
-99608 -58880 -69763
71 36 21 14 26 24 21
-38143 -765 40518
-49290 99822 -51694
-98221 44463 -80623
71 15 36 20 22 22 27
-68627 -40472 86244
-33739 -97747 -70575
-92857 3829 -37392
71 10 22 39 48 7 16
67208 37839 -1621
90009 93785 32865
37296 74465 89488
71 23 2 46 16 39 16
-80560 2089 43546
-41397 48871 -37633
94135 -79474 50496
71 6 26 39 13 53 5
49885 -16465 20030
-68944 -36136 -49892
99486 12385 30513
72 24 10 38 18 42 12
68814 -38796 -53515
-47998 6488 -85878
-97509 59896 -296
72 26 16 30 4 30 38
41040 -34125 32905
-43640 -74874 -1284
3030 -47628 -18769
72 0 30 42 34 9 29
-96303 -2031 90689
-64611 -72859 44747
70276 -97127 90814
72 27 29 16 6 30 36
-47864 68651 54335
-56425 -69938 48437
-33082 -81868 60008
72 19 26 27 50 0 22
-7151 1281 59299
-85088 74985 -67774
-71657 -71015 -35544
72 30 14 28 30 9 33
-41563 48116 -28158
88970 -73582 79772
8873 -71943 93277
72 13 26 33 25 20 27
38884 -1983 73769
20726 -18495 750
23116 -68384 -47034
72 3 28 41 11 10 51
72170 13140 64577
66913 -60745 -28549
31964 46836 4773
72 57 13 2 39 3 30
7467 -84989 -35694
23217 -59697 -27990
-68229 -27320 -3003
72 13 28 31 9 26 37
-9202 22462 -21161
17994 -99163 21985
-55667 -988 -9966
73 42 13 18 14 27 32
985 -8327 -40899
-37008 -84873 21053
95695 6347 60985
73 33 7 33 44 6 23
41788 -31870 -53397
28351 92579 -24448
-89676 -42865 12610
73 27 17 29 22 8 43
-92773 -50849 -32605
-1114 83509 54660
22127 10097 5215
73 26 46 1 41 30 2
19776 -40428 39936
25247 -89379 -44509
432 -2226 146
73 30 20 23 15 2 56
34012 95602 -65526
-65332 -60884 54567
22321 -147 89648
73 18 27 28 20 24 29
-15950 -44835 -82585
-45145 -42545 -84127
-78809 -11825 19108
73 30 12 31 16 21 36
75300 29304 95019
-51158 -41468 35445
-18374 51049 -69065
73 24 26 23 27 40 6
-11858 -27299 73981
-23751 -81201 -21788
-25600 -48224 54636
73 10 22 41 37 10 26
67419 -43626 8966
-88718 -73878 -4307
-31781 79461 -2164
73 14 31 28 31 15 27
-83818 40624 -65724
-6164 -91159 39487
19932 57831 31068
74 22 25 27 2 47 25
-7476 -29382 90040
-65135 -78212 21383
-85230 15385 -45724
74 21 16 37 30 1 43
22640 65488 -66365
75967 90286 59764
-52046 10508 89579
74 31 16 27 50 17 7
25552 47633 -25767
-41353 -18012 74490
32775 -72090 56982
74 21 36 17 31 9 34
-38287 -4360 61066
-31198 -8186 -38222
52881 -93981 -87262
74 39 7 28 10 30 34
7361 65264 -49136
-35282 -40758 92281
43360 -44169 -68859
74 15 36 23 27 21 26
54784 -24510 17870
-55670 70291 79097
-80400 -14590 50464
74 5 34 35 28 28 18
-54261 -4302 -9299
-54961 -37167 -63903
71989 175 69633
74 25 16 33 18 32 24
44861 -99188 -41732
-24180 -14092 46564
43294 23132 -97133
74 33 34 7 8 47 19
52495 32579 -39433
6924 82098 74462
-50951 25862 8847
74 41 28 5 17 39 18
-3201 58687 90517
88452 77029 42072
13125 28293 38281
75 62 13 0 52 13 10
-32188 -19008 84265
78286 89912 46041
55650 -32135 59610
75 34 34 7 14 41 20
15631 -79580 -41747
-73792 42008 -68940
-8026 84715 -68729
75 40 4 31 11 41 23
4241 -48404 31047
71431 17066 -81018
-54264 31444 84738
75 40 33 2 52 15 8
-55270 -50631 90203
-53893 -29236 -1089
76326 42127 72681
75 15 50 10 60 12 3
-96236 61378 61907
87924 52319 -6497
84818 -16815 -67452
75 7 39 29 1 25 49
3257 -29904 -90684
65125 -46093 76982
12141 -26644 72043
75 20 30 25 35 35 5
49662 32000 48890
69274 85837 44478
-53584 59849 -9192
75 13 20 42 18 31 26
61687 -29911 -63546
-93628 12398 34218
31419 41765 16546
75 10 58 7 26 9 40
38324 -7483 -34260
-27435 1069 -86648
-52252 37275 63254
75 24 22 29 22 40 13
-23434 47382 -92723
-76390 -49039 -6694
35132 -96861 -79257
76 34 36 6 41 30 5
-21978 84080 9868
-53358 -31542 -35170
65801 33734 -51897
76 60 2 14 70 2 4
-32021 34331 -59399
43354 52303 -76555
58723 -24895 -24225
76 32 19 25 29 34 13
77349 75575 52875
-85028 -71326 -59722
29704 14433 77020
76 21 42 13 19 28 29
-12678 -56654 90181
89220 -98411 23219
-67485 92782 75178
76 33 19 24 37 14 25
-69851 -39111 60491
85997 85705 -80582
21855 73882 -45148
76 19 26 31 23 1 52
78986 14536 -79890
94389 -78115 29053
8527 24495 -67949
76 29 7 40 35 2 39
19430 2149 -21991
92007 38695 4836
-31315 -84552 7420
76 20 9 47 25 31 20
-19975 65943 -82199
-8399 -95738 38175
-60687 -70379 4971
76 13 31 32 42 6 28
-70309 16340 63043
-81011 49598 74678
54214 55904 36906
76 34 1 41 35 11 30
-81936 -49212 -30769
-59801 56312 26077
29440 -52131 83378
77 13 25 39 36 2 39
-11019 -83426 53838
-60900 35606 58774
-69243 39643 -62132
77 27 28 22 29 18 30
-21377 -26605 -44865
89747 20229 16268
73049 17517 -90285
77 36 5 36 12 40 25
-35163 -61277 -3799
-38630 -62553 -60240
-17428 -5263 50745
77 39 25 13 22 21 34
40417 -59876 -59596
77632 -69490 -71108
-5034 27934 53347
77 30 21 26 2 27 48
-76014 12193 -690
-79556 -95134 11810
-58719 -46060 -48689
77 27 18 32 31 40 6
39527 -39337 -23937
41894 37479 87155
-69102 85020 -83944
77 3 37 37 10 36 31
17709 45164 -15178
32030 16234 -28661
78284 -68561 87639
77 14 31 32 24 30 23
-49517 -76407 79147
-66967 -61920 -68316
-91547 75525 -72687
77 51 22 4 54 14 9
89516 33867 79214
21878 -71971 -91022
-86015 -81374 74974
77 6 36 35 31 27 19
2452 -60246 -72558
-47569 46245 -16574
-41872 -95944 -79162
78 54 15 9 43 0 35
-43050 81170 -28268
71921 34539 82528
-33121 -28005 42915
78 55 12 11 24 28 26
20215 61368 -16644
85036 -36520 75952
20975 20657 52806
78 44 22 12 33 28 17
-96132 30880 43745
-51592 76988 38727
-54529 33601 16835
78 35 12 31 57 20 1
31828 14011 -84785
-9569 -47016 51213
36076 6018 6452
78 23 28 27 36 7 35
25063 -5923 57711
18374 81255 -57011
-55515 -4912 42576
78 55 16 7 33 28 17
-26581 -25914 95979
-56699 -32112 15057
-55072 -26350 7765
78 33 27 18 22 29 27
27724 39211 82826
-52743 65301 94050
-53188 53257 63377
78 31 15 32 27 16 35
-92836 -51728 -95414
-34952 19368 -34853
41110 90989 -93887
78 14 33 31 20 29 29
-3320 -15048 82745
-45410 -43347 -63138
-24878 93794 91162
78 19 44 15 5 50 23
35374 -34592 -53770
-59290 -78271 38032
-5077 54209 12886
79 23 20 36 24 55 0
73828 61570 -95122
-21853 6168 -24144
20163 29795 95597
79 6 36 37 40 4 35
-27687 10757 36273
-3345 -27723 -34408
-47199 35160 50035
79 34 30 15 27 8 44
8891 -27821 73894
31767 94558 -49063
22065 19403 -45742
79 22 4 53 8 66 5
-4119 49183 -83894
-80975 -72079 64121
-74255 54454 -16064
79 35 38 6 29 36 14
9537 -23515 -18923
-38739 64812 40316
72967 -66605 -27503
79 22 46 11 61 11 7
8652 -28853 -90842
84675 18582 54062
71348 -54462 -74918
79 17 30 32 57 4 18
61099 68386 -91452
-37395 -58749 -35227
-26152 -96356 -93052
79 39 37 3 40 20 19
90980 39642 -35506
-83329 -51180 37796
-20481 -30301 43316
79 20 30 29 30 27 22
-62537 86092 58082
-54040 -81038 22731
45592 84473 72312
79 43 24 12 17 59 3
52608 -16625 30801
-75103 -37930 9627
68483 -29878 45873
80 32 25 23 47 24 9
53405 12815 -24238
-39830 28481 36786
43912 -8608 -62317
80 29 22 29 26 44 10
-40940 -46050 -79611
12720 41991 87889
83070 91120 -26346
80 39 25 16 47 19 14
-88560 64451 2762
41963 -88223 34578
16794 87402 55504
80 16 41 23 21 36 23
54925 -89806 94272
-72923 -50229 -45638
62165 -26688 20382
80 27 34 19 7 32 41
-16936 69341 62785
42274 64657 -78613
82011 -90810 81972
80 52 12 16 23 32 25
-16394 -21842 39677
92642 4148 -71425
51419 43335 86958
80 17 31 32 43 7 30
65744 62868 10039
-76160 3649 -37609
66863 -93486 58328
80 20 2 58 13 28 39
47367 -71455 -6430
25885 -45095 -60134
13234 -11807 12637
80 45 17 18 31 24 25
63548 -26275 -47601
2541 48408 72428
77882 76916 8006
80 11 62 7 51 20 9
-63488 -44765 21346
-12168 45307 92070
-49045 -68372 95948
80 30 8 42 2 42 36
-82516 46777 -74011
-53559 -76954 -10403
-94674 74075 90241
81 18 24 39 66 9 6
89351 92196 -21046
-78661 83774 23801
33622 58378 22736
81 33 47 1 18 51 12
7752 8170 56790
35953 51164 50976
-59150 32845 79733
81 22 57 2 33 23 25
-63573 62056 70146
-44984 42142 68307
-85642 -20244 53795
81 31 49 1 30 16 35
-94197 -95958 -52085
27648 -52206 -37214
90535 31587 -66876
81 39 13 29 28 8 45
26060 29089 -94445
51925 95146 -7132
-59762 -19989 17511
81 11 54 16 39 34 8
10826 10715 -89844
2025 -30215 -34570
-99785 99248 87243
81 1 41 39 4 36 41
-44352 -89579 66415
-80749 -32329 -85067
-89790 49139 -53149
81 31 26 24 30 1 50
-14624 54521 9428
-58200 96109 -37325
89001 -18835 24362
81 25 7 49 19 28 34
-58088 60105 -40619
61643 -2834 -37546
-53738 81767 -73836
81 31 39 11 13 29 39
-23660 28086 -71782
19037 -23923 -9238
83035 -19337 70706
82 48 28 6 14 27 41
72478 37199 -77249
9231 38398 70422
41667 -81433 89109
82 16 50 16 26 21 35
-67333 -4720 -31490
72532 94964 -62939
45275 -90241 -30127
82 1 6 75 28 42 12
90927 -4177 63657
42301 97702 -35406
55088 47887 -70453
82 25 16 41 30 15 37
-5839 14176 43603
-92029 -62671 65383
75699 -984 -18231
82 15 45 22 9 30 43
-84586 13611 22504
-95662 52744 66015
-1998 -18708 49297
82 10 31 41 22 15 45
5617 -71196 -97698
43366 57383 92475
-2909 -97571 73727
82 0 0 82 18 30 34
-86977 85710 8066
-97109 -73233 78409
-40055 96969 -51888
82 26 27 29 17 30 35
27332 -575 -65489
55384 -17835 80662
3940 90433 -68439
82 55 4 23 45 17 20
-96930 -24820 30931
-5413 -42183 -44323
84067 -60044 -20564
82 25 31 26 8 42 32
-71863 -44128 -61215
93200 -58489 -83972
-11704 -49352 25708
83 35 32 16 49 34 0
78748 -3461 -15859
-41046 -67327 -78478
-16384 -49255 90976
83 35 18 30 14 29 40
67630 -59855 -38780
19713 68968 24031
9858 -41614 -45893
83 25 31 27 48 17 18
-34989 63512 5502
-30173 66756 63840
39093 54084 -26314
83 44 21 18 20 35 28
61169 76995 -91361
88749 -50405 -20920
41530 73207 -83011
83 25 31 27 9 22 52
47835 -22064 86510
-86686 2301 8509
-60540 -11664 19749
83 8 6 69 9 44 30
78355 -32473 84675
-95247 -11925 -88421
92162 66625 57891
83 45 32 6 1 78 4
-25060 37593 -9475
-69340 36224 -42665
72399 -3163 19135
83 54 15 14 44 14 25
-21942 48111 745
-60604 85695 55124
-73311 80857 -97314
83 17 20 46 31 8 44
-8566 83905 -15570
93983 30294 -25926
-16215 96400 52891
83 22 45 16 23 27 33
12158 66966 -30008
42364 -18525 -79525
-46835 -4392 -60016
84 39 19 26 48 19 17
127 -96955 50383
-34108 -91231 24163
-2843 -12903 87909
84 16 20 48 51 12 21
37475 -52580 -65889
25701 -89825 36341
16366 -78512 -16395
84 30 27 27 46 34 4
-30094 -20675 -2050
-30630 -28531 15509
96480 16815 67375
84 48 2 34 2 45 37
80469 60210 47287
38204 36930 -88654
53258 72519 28275
84 25 22 37 30 2 52
-8179 31230 -67360
-50425 -2977 -41153
-1265 93442 95171
84 29 1 54 46 5 33
-42006 -14064 -28728
-63448 -41356 -4892
-85586 -4937 -34735
84 43 38 3 11 22 51
39852 -31136 -12920
-49412 -18947 -45007
65543 -46198 -83728
84 13 39 32 13 32 39
8051 -91204 -10836
86996 4485 -30986
-69646 77325 10656
84 25 31 28 37 33 14
-27775 -86791 -24548
-32568 5574 -11377
-83141 -67217 50215
84 39 19 26 35 29 20
62449 28700 66324
-15644 -66557 46524
-2619 -49556 54240
85 11 26 48 39 37 9
12131 33690 8813
44423 18218 -73772
94729 -16711 18846
85 15 2 68 20 32 33
-3378 -45625 48449
18193 -67367 50519
-12801 -94046 2758
85 26 26 33 53 12 20
66308 30610 -97024
51554 -20801 -60888
61605 98986 11800
85 13 43 29 32 38 15
3851 -56986 -5241
-41267 48852 34410
55537 -25219 98696
85 27 29 29 9 6 70
-25397 90996 -9808
58637 91123 64632
-40467 38202 -55219
85 47 12 26 11 71 3
8852 58741 99817
38406 -80364 -6514
-41690 23281 -54738
85 6 41 38 43 25 17
43136 -30774 -35238
79740 36094 -13773
86523 -82298 87736
85 51 18 16 5 24 56
52142 -23193 35506
-60303 -4624 -58492
75028 73795 9652
85 8 36 41 46 4 35
-8536 6522 -82838
-51427 -95445 45568
98648 -6693 -27991
85 8 61 16 31 54 0
75645 -72767 38778
-20004 -91418 -74869
-52470 74242 42058
86 26 17 43 37 36 13
30446 -18030 -22133
-81296 -92708 86022
-6638 10404 37881
86 22 35 29 22 29 35
-89063 -97976 -45178
-18990 -79240 -83044
-42473 57757 -41023
86 7 28 51 8 31 47
-75842 -72068 -74484
85931 894 86567
54355 95232 82117
86 35 34 17 29 8 49
54385 92932 -50348
-84365 -70547 69437
17036 98592 48182
86 29 8 49 10 69 7
26446 40517 7176
-29543 -43630 53373
24535 -39624 77841
86 29 38 19 31 7 48
73266 -57284 97835
-8815 -38758 64397
52211 48352 34341
86 14 16 56 0 86 0
14924 95949 -3980
-88069 5829 36638
63556 -65093 -18467
86 24 41 21 32 27 27
24883 77483 -99669
-80414 56520 59835
27140 2374 -55105
86 11 75 0 14 27 45
69246 5734 71271
72532 -43429 10104
-14370 -81835 19480
86 12 23 51 14 46 26
86652 10179 -42960
15295 -91993 91991
52249 91053 3402
87 31 37 19 17 65 5
-80395 -61243 -89802
2908 -7143 -17160
19051 64578 -63194
87 7 38 42 23 23 41
-11333 -51339 6038
-22722 -44319 -32472
-89663 -16479 11722
87 30 35 22 39 41 7
7817 37967 67653
-23672 -58324 -61710
-6598 -12840 80744
87 26 49 12 33 12 42
-30375 -44114 97581
-11788 -15114 -29102
11447 -41733 -94540
87 63 18 6 17 34 36
-60849 62453 -23331
48869 -71615 93675
-72009 26275 71373
87 32 24 31 0 3 84
14625 -93486 -29839
-4563 -3252 -86946
71003 47000 -1474
87 29 55 3 44 1 42
-78148 -36885 74878
-17730 -16006 62542
-25122 -98948 52477
87 62 19 6 53 6 28
9988 -16161 -11531
-63715 -79990 57872
37641 -24459 -45885
87 31 15 41 10 40 37
-65080 41519 -97505
56758 -12136 5660
-10265 10216 45410
87 25 18 44 3 9 75
-97956 -9637 -80315
-97614 2679 6186
83903 18627 -19337
88 12 40 36 36 13 39
-62288 -24651 -91072
-95583 -19301 -55319
651 46540 -2570
88 24 1 63 2 47 39
-47671 -17184 80492
-27277 41921 35352
8503 51274 28666
88 50 20 18 17 43 28
-94533 40644 69304
55322 78001 -61586
-55035 -48516 -76141
88 36 6 46 35 42 11
-39755 -57986 -84369
-22053 -92524 -72818
26936 -65642 -13211
88 16 43 29 42 46 0
69469 -21647 -70713
-90192 -64742 -96942
-68810 -93360 67682
88 42 7 39 19 24 45
-15874 1031 -63404
16808 -53419 30578
-57506 -77193 78847
88 50 33 5 11 51 26
57264 -8920 -57667
-11050 72105 -91603
-80537 25108 -89252
88 34 25 29 20 12 56
43139 -76994 -89704
27551 42037 -53419
28696 -36088 54973
88 12 44 32 11 63 14
-51027 8798 -96604
71640 -53727 86173
-61061 73818 9827
88 42 26 20 41 40 7
44115 45545 98228
-16595 37638 36531
-57948 -10185 44812
89 39 26 24 49 6 34
94635 47604 -53886
32725 7830 92517
68696 70252 -69048
89 27 26 36 49 8 32
3402 -70871 -27559
18294 30892 79813
92740 -50186 -71038
89 11 41 37 19 65 5
-57437 94966 41659
-49677 235 64915
-44026 -98852 25928
89 36 3 50 39 45 5
-13061 80038 62940
-57277 -67896 2680
-35113 -16250 88676
89 29 12 48 41 11 37
98794 66003 -96811
82893 62449 64960
-75391 26847 48002
89 57 7 25 13 34 42
31298 -61756 64557
32893 -41816 -93397
36242 -75821 39606
89 36 43 10 74 10 5
96247 45308 27157
50597 -27125 83189
8348 37167 2521
89 22 37 30 31 29 29
-76815 -43478 24421
17612 -87288 -49777
50463 35382 40730
89 7 41 41 29 55 5
57825 -27970 -4378
10907 -66435 61603
-27702 66717 -1724
89 24 63 2 50 1 38
67449 33005 36172
-55643 9754 -46445
38317 -44160 -38714
90 19 35 36 75 11 4
-93540 11473 73056
67249 87061 -13809
-42263 -25133 -40750
90 15 42 33 10 36 44
13585 -24402 38823
-74446 91694 -64614
-7847 71015 -79044
90 13 33 44 34 22 34
-54168 32132 -73855
-50994 -46117 -79229
18121 56816 -39339
90 21 34 35 3 28 59
377 -53996 8821
-88000 33703 -20236
94322 -74531 -34639
90 40 13 37 42 40 8
-24937 66044 -80019
18226 62874 61410
-58986 24678 -22383
90 34 1 55 7 47 36
-34608 -54382 -25258
-52767 52800 55697
37067 -28670 59782
90 7 42 41 7 37 46
-98677 1919 -37355
-47418 -73998 82566
-41422 -95425 18429
90 18 10 62 59 20 11
94921 -60226 81778
-87755 38177 64806
-32247 -3750 -26975
90 37 35 18 4 40 46
58184 79831 12439
10883 -13400 -53989
32983 -10070 -31361
90 36 20 34 32 38 20
-95170 71557 -98347
82476 -99460 69528
-8640 -47941 36097
90 14 38 38 29 15 46
-60732 -94589 -99388
45054 19942 -96704
-74718 38802 -57789
91 22 56 13 15 39 37
-63592 52131 31663
52996 54904 -36213
-38863 76605 -43772
91 10 30 51 49 41 1
-3091 52062 -43457
-34557 43224 80737
523 11657 -27874
91 21 30 40 15 33 43
-63584 24518 -15390
-42809 -81925 -41898
-39581 68328 -55641
91 6 42 43 14 41 36
82234 -5867 33565
-69012 55003 75900
-79019 30866 -25603
91 33 25 33 74 7 10
962 -52611 -55606
4448 11299 97428
85104 21699 -38096
91 58 29 4 45 18 28
-55368 -7107 89481
95877 -89966 26715
93745 45522 -98716
91 46 27 18 30 41 20
-63922 -31401 52177
58045 -38752 -5652
42022 46298 -72975
91 50 37 4 25 20 46
17326 85410 11672
14296 88208 -17012
-93987 96524 -41214
91 34 28 29 58 20 13
-40291 -27114 -44638
683 -27989 -36054
28897 -46705 27354
91 19 57 15 49 34 8
49192 -77040 -40841
-98367 -38101 -50729
-79966 90416 34595
92 14 29 49 10 52 30
68053 -27658 -24380
39715 8732 -98582
80658 -14411 -38780
92 29 31 32 44 7 41
19100 63875 94213
38631 66377 12284
-58699 76598 16981
92 58 12 22 39 8 45
-56513 88427 81451
-63579 71436 -20819
49762 -53025 67026
92 13 39 40 20 56 16
26769 -88320 76360
-84391 62066 79243
4883 -82645 41149
92 23 40 29 36 33 23
24424 95632 97004
73537 -62198 -60260
15592 39095 53094
92 45 20 27 39 16 37
1887 45345 18739
43773 -28280 19585
78925 54859 5097
92 53 26 13 26 23 43
78127 19012 -51156
62459 35900 -94558
61592 -32944 -50119
92 7 34 51 46 21 25
-52160 -1942 -54619
6082 64070 90905
-22109 64065 -90005
92 31 17 44 50 21 21
-30936 -43299 -10093
-90771 -62420 59717
-81182 -96100 8772
92 27 42 23 55 7 30
-24544 46852 69612
-84908 95574 -49288
-50033 60013 26948
93 28 36 29 2 30 61
54028 -27027 13934
40499 -61648 -6489
-83811 20524 50188
93 6 79 8 39 34 20
4713 87252 -14561
77945 -67099 -98417
-42726 -17709 98077
93 29 33 31 24 42 27
-79225 -12915 67569
42172 -94413 88293
-98645 -66740 -31041
93 11 29 53 33 21 39
-29626 -48132 -87003
-38265 -69550 43261
-26052 20759 40313
93 41 22 30 46 23 24
53488 -13167 -8641
-92764 41606 -49739
-64399 -16009 14275
93 47 33 13 30 58 5
22525 32228 81665
29583 -26695 17157
73230 -60698 21
93 36 20 37 22 48 23
91951 57615 -26663
-52858 15947 -46158
-32970 -89040 -57074
93 16 32 45 2 66 25
-78783 82099 -12927
-72647 -60224 -54064
-9688 76827 -8080
93 14 36 43 10 32 51
74999 84611 37498
-35667 -24001 -27758
-45400 -79619 75237
93 46 2 45 16 36 41
35585 -5471 23128
-18630 -43375 -10787
63079 -37506 -39964
94 35 6 53 20 54 20
-45562 30440 27032
-37317 -60255 -89402
71145 -64837 -92613
94 55 29 10 54 13 27
44538 92930 59424
67524 -99989 17023
-55680 4494 -37496
94 33 9 52 10 78 6
78828 63044 26213
-33812 95708 -14076
-68293 -62260 -93690
94 49 1 44 17 53 24
-16583 42429 2378
79089 -5281 -44439
-48043 75242 -19637
94 52 35 7 26 47 21
2486 78559 12251
2889 -21194 -89529
-99474 -53498 96559
94 19 29 46 8 41 45
-49625 -12518 60680
79422 -38226 -89889
-297 -84942 -94973
94 64 9 21 15 24 55
-1844 -95679 86312
-1303 23548 8274
60881 -40327 -99707
94 56 36 2 12 42 40
-5612 71145 54472
13450 -71251 84847
-99877 -22134 53985
94 36 42 16 51 21 22
-65917 4905 24966
6065 -34834 -67881
-33743 60980 -48202
94 25 51 18 11 31 52
66454 16960 82743
-60353 -27526 14711
-50300 -99226 -47790
95 23 37 35 38 5 52
-75706 -60513 45297
-98523 43841 -42325
27517 88911 -41073
95 37 43 15 52 25 18
-26563 -41702 42831
-71481 -9728 -96879
62260 -25644 32009
95 25 47 23 23 59 13
29690 94928 34323
86888 26918 53156
40045 90819 -6486
95 44 16 35 50 8 37
-663 25927 -8509
95135 -80140 8040
-76320 54261 -63414
95 12 10 73 38 33 24
-6377 88981 79742
47427 91374 -84504
-34656 -45637 23840
95 29 24 42 12 16 67
7666 -95505 -60633
45326 5884 -36941
-56198 -39407 21004
95 48 8 39 13 52 30
-44582 -29861 -52461
-37483 13172 65867
81849 43339 17296
95 25 28 42 33 39 23
-85817 -68442 -28945
47909 -46967 -94878
87968 36618 -48768
95 2 37 56 45 33 17
-95073 -24007 9796
-82104 -38785 94121
-79383 34003 -75784
95 50 30 15 10 41 44
-16262 -19303 82792
64294 78821 39956
-35425 87619 -83369
96 29 12 55 33 12 51
33193 36724 34319
98477 -83991 69257
27290 -45214 92631
96 14 43 39 39 17 40
-99190 83072 -56633
60519 54262 -20490
60413 -73107 -85133
96 38 43 15 66 9 21
9941 8312 -16985
-9786 -90455 92026
72540 -30720 -96378
96 17 46 33 34 20 42
62388 -10079 -12633
-16622 -87388 -20809
91863 28245 14159
96 1 72 23 49 8 39
-2261 10817 59671
-68774 10779 94061
-16370 14280 -52692
96 54 40 2 29 37 30
-5003 -5609 53987
21425 87751 62780
-74443 71810 16850
96 38 42 16 7 62 27
42609 -97342 -98402
23436 72987 -34830
-96350 -17059 38160
96 16 34 46 0 23 73
-70842 -78947 93732
-74640 -52428 73779
94568 48569 -63989
96 83 11 2 44 47 5
-8050 -90496 -59835
-58146 55004 -33140
-48902 -3478 -89283
96 53 26 17 24 23 49
31436 -76212 -79091
686 52398 -23825
37704 -34472 -24066
97 24 53 20 32 33 32
96099 -31993 -87201
97921 -70908 -89556
53998 -11031 -58698
97 33 39 25 8 17 72
887 63335 -43927
96212 -99819 50253
32669 -9052 -100000
97 61 36 0 42 51 4
48058 53884 -69342
-64358 -45489 97215
-88386 34270 -20573
97 26 22 49 57 39 1
-33233 25214 -30323
20300 -19855 3646
-72953 35638 28694
97 2 94 1 40 23 34
-61710 9571 -32907
47694 -63842 -63286
-83761 -19661 63176
97 12 36 49 34 24 39
84600 -59145 -73870
63165 -73586 -54894
28108 -523 -32330
97 49 1 47 40 37 20
-93034 76758 -77054
49906 69258 16060
-43613 -54226 51237
97 22 36 39 41 34 22
-87022 45676 44788
-79358 -33175 -68590
-2591 -19151 5839
97 3 29 65 64 31 2
-67205 46813 39860
94645 -92352 41362
19164 -71463 31418
97 41 33 23 32 32 33
-80137 -81667 35890
37726 10718 -4032
96160 62394 -13418
98 34 43 21 32 12 54
68327 75056 -30039
-87899 15595 -65314
63948 66468 51519
98 6 43 49 41 16 41
97630 -30840 61167
-91523 -58883 -85261
-43501 19479 -71045
98 48 32 18 17 51 30
-93564 -35420 74175
-94252 50569 8387
36284 74658 10166
98 25 23 50 6 78 14
-36445 -62959 -22
56120 -67054 -66533
55976 95000 38711
98 38 23 37 38 26 34
-81199 -85673 73454
80547 99392 62090
-24665 -66177 -98218
98 38 37 23 8 50 40
66617 50786 -14219
-70224 -22597 328
20829 -42213 -33135
98 13 47 38 47 46 5
31609 92687 -79025
-2657 9043 -28106
90708 56633 34468
98 4 54 40 27 23 48
44088 -63229 74260
26301 58995 -93146
-55913 46888 1921
98 43 28 27 42 48 8
-83063 99480 11832
-96025 42985 -18036
70552 -17318 55625
98 8 42 48 0 64 34
-43724 30883 -25802
30980 32542 86429
-78328 81653 70255
99 58 0 41 36 32 31
-70421 -11880 85595
96741 11948 -43922
-52146 70729 -47914
99 41 22 36 18 50 31
-88542 33239 -80240
85760 -70771 -35273
-50058 93909 34019
99 19 40 40 76 20 3
-53725 -70825 -80964
98331 22672 -93620
-5247 -33856 45678
99 34 41 24 38 1 60
-91749 -71329 29199
-32555 32074 74672
-27498 35770 -20300
99 1 33 65 79 2 18
-91547 -93729 91175
41689 80245 -51453
67761 -6874 5710
99 35 61 3 38 34 27
38197 -11743 39838
48425 -86745 229
-66337 -32607 -85847
99 45 46 8 58 39 2
-29410 6440 95455
-59421 14121 -12703
-23821 98935 36181
99 30 16 53 28 38 33
-7212 4975 95120
-4837 69023 79816
94347 13587 -50147
99 11 84 4 25 28 46
80429 -36416 -10931
-42236 -27106 53587
85156 58394 50663
99 4 36 59 18 10 71
-59990 33237 38043
-6607 -18 -18848
-55228 39261 -14607
100 43 27 30 5 73 22
-90664 17968 77367
17819 3107 -92979
22622 -22716 -84582
