100
1 121
3 5
329 524
4 121
9 65
339 361
52 150
3 484
3 742
1 5
1 302
121 484
65 221
484 485
122 483
3 221
3 65
32 970
374 551
744 890
299 378
29 673
65 742
381 717
1 101
384 484
120 121
3 4
10 120
826 887
464 623
65 485
8 484
272 954
1 104
1 10
3 6
1 742
483 484
4 10
8 122
484 484
307 732
303 496
1 109
8 302
58 956
267 658
120 221
3 9
1 584
35 229
21 484
9 121
120 742
4 4
190 858
837 933
9 485
136 769
265 985
8 121
1 9
303 484
1 1000
1 122
9 10
3 122
1 65
243 432
21 221
100 1000
750 813
4 104
1 6
883 925
3 109
3 584
21 485
532 577
1 1
120 584
72 113
483 584
291 837
3 10
133 637
65 121
1 2
3 302
65 302
258 701
121 485
122 1000
1 4
8 109
304 884
21 121
384 742
4 9
