100
4 392
96 211 302 152
10 515
25 136 126 262 121 491 380 254 390 395
3 652
428 570 375
8 525
338 368 320 232 485 285 203 397
7 410
326 255 276 194 186 269 386
10 566
142 209 206 36 495 340 129 395 287 327
10 107
13 88 67 79 40 94 28 19 50 57
10 80
54 12 15 37 41 56 69 52 60 38
6 493
51 335 335 480 51 51
6 271
127 45 129 226 252 38
10 243
53 105 52 169 51 171 24 168 225 176
10 406
108 125 163 337 3 204 122 377 405 337
7 465
391 420 329 373 407 424 427
1 377
285
8 374
314 151 317 335 131 344 298 168
10 219
142 19 207 28 87 62 75 85 152 38
10 550
72 6 123 240 24 118 348 4 99 134
10 666
330 185 616 17 404 52 331 581 457 267
4 74
5 40 28 8
10 523
452 139 382 440 132 9 113 350 99 154
8 381
367 42 2 375 42 42 256 256
9 510
223 238 353 261 431 500 266 445 294
9 354
315 102 177 315 177 177 220 210 331
6 270
206 257 82 189 14 65
9 251
153 230 104 230 154 131 116 218 150
4 376
340 372 285 239
10 334
112 76 86 176 136 132 143 329 260 12
7 555
59 242 59 59 422 242 242
8 420
268 153 418 363 174 3 247 58
10 475
235 432 184 2 217 239 162 152 267 252
8 234
161 183 167 94 73 67 51 140
6 243
25 94 200 178 70 63
8 550
299 550 508 439 308 425 471 518
1 104
58
5 45
27 6 34 45 17
5 274
240 270 225 237 237
10 515
251 466 353 424 392 192 444 402 230 489
6 575
235 369 560 349 527 90
6 574
90 89 484 77 485 497
6 361
360 286 288 222 311 232
4 278
145 136 278 272
8 627
373 379 372 411 420 405 585 340
6 416
151 293 45 123 265 371
10 674
150 14 526 234 262 148 412 660 440 524
10 397
145 263 37 113 7 229 281 96 252 2
10 663
184 83 653 429 169 363 59 110 504 112
10 583
148 435 361 166 559 24 512 222 417 71
10 381
327 348 122 258 96 195 299 379 256 149
10 216
80 21 214 127 151 81 62 118 178 194
9 353
297 240 251 193 194 290 177 144 338
10 408
398 405 313 305 183 184 329 153 266 374
10 317
314 239 57 148 292 209 236 302 24 114
10 254
98 52 170 127 127 239 245 222 230 47
4 513
468 307 401 443
10 455
388 167 371 171 284 77 18 448 435 83
10 384
179 238 25 80 191 280 317 165 178 287
10 400
154 383 132 268 259 141 246 17 185 215
10 602
563 460 148 71 488 532 571 140 144 198
5 590
263 272 432 548 439
7 450
30 30 307 30 263 307 263
10 296
224 205 109 117 273 291 146 240 294 171
10 572
210 570 537 332 53 463 535 9 369 449
10 657
225 190 304 234 225 192 225 192 304 190
10 273
27 129 41 252 148 62 104 167 240 246
10 446
181 271 408 390 231 355 127 225 413 387
4 333
40 108 70 17
5 353
283 166 147 326 239
9 75
63 57 52 11 3 58 22 35 34
6 165
97 68 105 57 60 108
9 208
48 151 196 127 176 39 98 10 192
8 282
212 248 230 214 266 200 199 211
10 340
187 157 319 186 115 172 222 250 59 117
5 595
72 72 119 486 486
10 653
282 439 25 40 588 261 472 483 616 216
7 383
204 308 165 224 196 252 299
10 253
229 224 180 209 96 83 212 191 160 3
6 513
314 415 369 199 98 144
10 342
338 106 103 100 123 261 15 274 173 98
5 654
37 37 37 620 620
9 650
225 283 351 507 347 235 542 607 632
10 1
1 1 1 1 1 1 1 1 1 1
10 620
291 193 555 364 364 558 555 558 594 364
2 180
148 149
10 664
12 647 77 436 353 54 165 132 317 549
4 302
133 224 263 159
10 305
157 276 81 67 113 11 62 300 274 297
3 575
542 441 191
10 620
139 481 611 302 9 105 515 318 202 418
4 439
146 264 407 308
4 600
461 239 254 289
10 516
276 16 28 399 242 117 17 13 395 250
7 362
220 178 275 263 267 137 278
10 25
17 8 24 5 1 24 19 25 2 3
10 486
255 442 422 12 77 234 35 49 315 99
10 421
316 136 92 316 167 269 181 292 314 293
8 282
114 250 83 158 215 224 249 136
5 362
90 72 264 72 264
10 613
184 599 419 347 36 278 387 164 120 466
10 330
259 164 145 232 27 294 144 198 44 101
10 700
1 1 1 1 1 1 1 1 1 1
