100
31064602161 712431 1
136815674611 524399 96
420310132406 35791 36
278427027297 749587 17
15134408315 119721 47
487573410856 178819 73
218082534501 138601 21
890973988698 467540 29
537469221726 245514 76
954310595369 460955 90
686806735298 346661 43
231748660270 386733 76
488663697827 202871 88
760386437656 529089 1
187949249963 655561 41
577661737170 271249 98
727809053291 673225 81
991659061163 24385 1
346341667091 243785 34
862831625166 842463 51
859965937554 951169 4
403903869452 367966 85
782133303933 553958 5
485176923718 917485 33
496471252013 330157 76
390800207146 51393 70
374239634189 905395 2
52470071155 260376 3
478962439373 955051 56
495062014286 787901 69
408829163595 393571 61
203969234823 721689 41
80955681751 658209 73
53037717100 224645 37
361182685501 604399 28
483550503418 901769 16
198256561373 811361 9
796616001126 382826 99
803662551059 733709 85
439213095437 702718 63
668216234765 909293 65
357376796497 507291 35
977429363940 664779 41
833486593572 647729 28
519647616539 873808 1
502823767238 784193 95
957668593825 431225 21
886958462191 373548 51
308515411777 178585 5
284444668927 26228 1
376002561137 538399 3
563562989051 982911 17
728321891073 67855 89
853885094459 430287 31
208834225210 277031 43
131974789196 958256 17
966426419822 910336 44
140049551473 787844 21
579331457638 340975 91
218643910283 299601 81
491632552551 78579 9
981958139401 585073 75
198849545009 636941 21
748551853092 284617 49
514013552211 74173 85
713176724519 972051 9
410911269831 720671 36
136722262544 905735 73
120757121456 872231 6
18553671599 944645 77
384256010321 467001 93
952806781405 672656 91
529915151501 757958 85
295272845201 792642 75
838627646615 922497 59
398942637501 283298 84
2053830561 260624 26
266175724201 111977 33
216313368073 938132 9
976856421730 100537 1
274220102337 242155 82
677720775829 69813 68
236431413953 65412 1
359249837171 742047 76
167406899769 145129 11
356347853389 647511 49
92556367326 617009 55
901274146516 334866 13
13618722192 529349 53
900178396775 617915 37
896173249777 111060 33
849003840813 389767 45
736984555501 552609 83
757921743469 847861 49
81692864001 878438 67
596643496945 461773 15
17078509010 111287 54
29858160972 931033 41
153981989211 669633 86
1000000000000 1000000 1
