70
7 1 10
13 5 41
1 9 91
1 8 74
11 1 1
6 9 88
19 9 19
19 1 5
13 5 78
13 1 63
1 6 63
3 7 73
1 6 77
13 6 82
14 7 85
11 2 65
11 1 45
15 1 33
8 1 41
17 7 92
18 7 81
11 10 35
14 5 49
1 1 41
5 3 9
1 1 41
15 3 97
20 1 3
1 7 89
17 1 73
15 7 71
2 5 29
5 7 41
13 6 45
17 2 59
1 6 36
9 1 93
8 4 37
13 1 37
3 7 45
2 9 67
1 7 59
17 7 86
13 1 51
16 1 61
17 1 11
1 5 97
13 1 25
1 1 9
1 1 79
1 8 23
20 3 76
18 5 81
1 1 52
5 1 61
7 3 37
2 9 49
1 1 40
10 9 69
13 1 41
1 5 81
20 6 95
1 6 40
13 6 21
1 1 61
17 9 47
1 5 67
11 9 52
5 6 31
1 3 86
