20
20 2
18 36 19 6 47 3 33 2 11 27 25 48 42 38 38 36 44 27 14 8 
20 1
1 1 1 1 1 1 1 1 1 1 1 1 1 1 1 1 1 1 1 1
18 10
11 32 46 13 48 39 45 2 0 6 10 41 48 34 46 0 39 47 
17 5
50 13 46 29 22 21 42 33 48 34 7 33 15 1 23 8 33 
20 1
0 0 0 0 0 0 0 0 0 0 0 0 0 0 0 0 0 0 0 2 
18 17
9 27 48 38 12 10 4 39 17 19 22 4 1 24 22 20 19 18 
10 11
1 2 3 4 5 6 7 8 9 10 
18 4
37 23 15 44 9 3 47 15 29 50 40 16 14 34 45 28 45 40 
18 5
23 45 33 46 21 47 41 25 12 42 46 19 31 48 24 36 49 4 
19 3
3 22 50 41 34 10 33 49 43 35 17 23 10 27 30 23 6 17 7 
19 8
29 23 14 31 27 10 28 6 22 8 13 40 21 2 23 11 2 48 47 
18 4
28 50 46 28 25 11 3 1 24 31 2 13 3 43 34 38 46 48 
20 1
0 0 0 0 0 0 0 0 0 0 0 0 0 0 0 0 0 0 0 0 
17 14
15 2 48 50 34 36 9 47 27 2 38 6 39 49 43 5 17 
3 3
5 18 49
20 1
50 50 50 50 50 50 50 50 50 50 50 50 50 50 50 50 50 50 50 50 
2 1
2 2
17 14
6 24 16 40 28 10 13 50 20 15 45 41 17 6 32 41 23 
20 7
12 35 42 15 23 45 23 4 16 2 4 33 2 12 42 8 6 42 21 40 
19 4
3 22 50 29 18 42 36 32 3 44 32 44 19 42 7 50 12 19 36 
